-2.9999999979993333 2.875
-2.999037873892423 2.875
-2.998075749785512 2.875
-2.9959896442203653 2.875
-2.9940417813372378 2.875
-2.992132127791681 2.875
-2.990060616894799 2.875
-2.988127348679936 2.875
-2.9860322231137473 2.875
-2.9839753068851294 2.875
-2.9820566333385305 2.875
-2.9799761024406064 2.875
-2.9780338142247014 2.875
-2.976129735346367 2.875
-2.9740637991167076 2.875
-2.9721361055690667 2.875
-2.9700465546701005 2.875
-2.967995213108705 2.875
-2.9660821142293288 2.875
-2.964007157998627 2.875
-2.9620704444499446 2.875
-2.9599718735499367 2.875
-2.9579115119874997 2.875
-2.9559893931070813 2.875
-2.9539054168753376 2.875
-2.951959683325613 2.875
-2.950052159113459 2.875
-2.94798277754998 2.875
-2.94605163866852 2.875
-2.9439586424357347 2.875
-2.94190385554052 2.875
-2.9399873113273243 2.875
-2.9389481105450637 2.875
-2.937908909762803 2.875
-2.9374238700421778 2.875
-2.936938830321552 2.875
-2.936908515339013 2.875
-2.9368782003564737 2.875
-2.936847885373935 2.875
-2.936817570391396 2.75
-2.9367569404263176 2.75
-2.9366963104612394 2.75
-2.936575050531083 2.75
-2.9364537906009263 2.75
-2.9362112707406136 2.75
-2.935968750880301 2.75
-2.935017776107835 2.75
-2.9340668013353697 2.75
-2.932002994439113 2.75
-2.9300774302248755 2.75
-2.9279900086593122 2.75
-2.926040829775768 2.75
-2.9241298602297947 2.75
-2.922057033332496 2.75
-2.9201224491172164 2.75
-2.9180260075506115 2.75
-2.9159677753215774 2.75
-2.9140477857745624 2.75
-2.9119659388762216 2.75
-2.9100223346599 2.75
-2.908116939781149 2.75
-2.906049687551073 2.75
-2.9041206780030158 2.75
-2.9020298111036333 2.75
-2.8999771535418217 2.75
-2.8980627386620292 2.75
-2.895986466430911 2.75
-2.894048436881812 2.75
-2.8919485499813873 2.75
-2.8898868724185336 2.75
-2.887963437537699 2.75
-2.885878145305539 2.75
-2.883931095755398 2.75
-2.882022255542828 2.75
-2.879951557978932 2.75
-2.8780191030970554 2.75
-2.8759247908638534 2.75
-2.874896739416038 2.75
-2.8738686879682223 2.75
-2.8733892229148195 2.75
-2.8729097578614162 2.75
-2.8726700253347146 2.75
-2.872430292808013 2.75
-2.8723703596763377 2.75
-2.8723104265446624 2.75
-2.8722804599788248 2.625
-2.872250493412987 2.625
-2.8722205268471495 2.625
-2.872190560281312 2.625
-2.8720706940179612 2.625
-2.87195082775461 2.625
-2.8709109689721415 2.625
-2.869871110189673 2.625
-2.867929635306754 2.625
-2.8660263697614066 2.625
-2.8639612468647333 2.625
-2.862034366650079 2.625
-2.8599456290840997 2.625
-2.8579951342001393 2.625
-2.8560828486537497 2.625
-2.854008705756035 2.625
-2.8520728055403386 2.625
-2.849975047973317 2.625
-2.8479154997438663 2.625
-2.8459941941964346 2.625
-2.8439110312976776 2.625
-2.8419661110809398 2.625
-2.8400594002017727 2.625
-2.8379908319712803 2.625
-2.8360605064228066 2.625
-2.8339683235230075 2.625
-2.8319143499607793 2.625
-2.82999861908057 2.625
-2.8279210308490357 2.625
-2.8259816852995203 2.625
-2.8240805490875758 2.625
-2.822017555524306 2.625
-2.8200928046430547 2.625
-2.818006196410478 2.625
-2.8160578308599207 2.625
-2.814147674646934 2.625
-2.812075661082622 2.625
-2.8101418902003292 2.625
-2.80909407608352 2.625
-2.8080462619667106 2.625
-2.8075319072426987 2.625
-2.807017552518687 2.625
-2.806760375156681 2.625
-2.806503197794675 2.625
-2.806374609113672 2.625
-2.8062460204326687 2.625
-2.806213873262418 2.5
-2.8061817260921673 2.5
-2.8061495789219166 2.5
-2.806117431751666 2.5
-2.8060531374111646 2.5
-2.8059888430706628 2.5
-2.8050292549636486 2.5
-2.804069666856634 2.5
-2.80198863329128 2.5
-2.800045842407945 2.5
-2.798141260862181 2.5
-2.7960748219650915 2.5
-2.794146625750021 2.5
-2.792056572183625 2.5
-2.7900047279547997 2.5
-2.7880911264079935 2.5
-2.786015667509862 2.5
-2.7840784512937495 2.5
-2.7819793777263118 2.5
-2.779918513496445 2.5
-2.7779958919485965 2.5
-2.775911413049423 2.5
-2.7739651768322684 2.5
-2.7720571499526847 2.5
-2.7699872657217757 2.5
-2.7680556241728858 2.5
-2.7659621252726705 2.5
-2.763906835710026 2.5
-2.7619897888294003 2.5
-2.759910884597449 2.5
-2.757970223047517 2.5
-2.756067770835156 2.5
-2.7540034612714694 2.5
-2.752077394389802 2.5
-2.7499894701568093 2.5
-2.748039788605835 2.5
-2.746128316392432 2.5
-2.7440549868277033 2.5
-2.742119899944994 2.5
-2.7410714278279764 2.5
-2.740022955710959 2.5
-2.739508271986843 2.5
-2.738993588262727 2.5
-2.738864917331698 2.5
-2.738736246400669 2.5
-2.7387040786679115 2.5
-2.7386719109351545 2.5
-2.7386397432023974 2.5
-2.73860757546964 2.375
-2.7385432400041254 2.375
-2.738478904538611 2.375
-2.7382215626765527 2.375
-2.737964220814495 2.375
-2.7370039747072727 2.375
-2.73604372860005 2.375
-2.7339613790342794 2.375
-2.732017272150528 2.375
-2.730111374604347 2.375
-2.728043619706841 2.375
-2.726114107491354 2.375
-2.7240227379245416 2.375
-2.7219695776953 2.375
-2.7200546601480777 2.375
-2.7179778852495295 2.375
-2.7160393530330005 2.375
-2.713938963465146 2.375
-2.7118767832348625 2.375
-2.709952845686598 2.375
-2.707867050787008 2.375
-2.7059194985694375 2.375
-2.7040101556894376 2.375
-2.701938955458112 2.375
-2.7000059979088054 2.375
-2.6979111830081735 2.375
-2.6958545774451124 2.375
-2.6939362145640704 2.375
-2.691855994331703 2.375
-2.6899140167813544 2.375
-2.688010248568577 2.375
-2.685944623004474 2.375
-2.68401724012239 2.375
-2.6819279998889805 2.375
-2.679876968993142 2.375
-2.6779641807793224 2.375
-2.6758895352141776 2.375
-2.6739531323310515 2.375
-2.6718548720966 2.375
-2.6708248466481597 2.375
-2.6697948211997193 2.375
-2.669554595172862 2.375
-2.669314369146004 2.375
-2.6692843408926468 2.375
-2.669254312639289 2.25
-2.669224284385932 2.25
-2.6691942561325748 2.25
-2.6691341996258604 2.25
-2.669074143119146 2.25
-2.6689540301057173 2.25
-2.6688339170922886 2.25
-2.668353465038573 2.25
-2.667873012984858 2.25
-2.6668311802017644 2.25
-2.665789347418671 2.25
-2.663843924534503 2.25
-2.661936710987906 2.25
-2.659867640089984 2.25
-2.6579368118740803 2.25
-2.6558441263068513 2.25
-2.653789650077193 2.25
-2.651873416529554 2.25
-2.6497953256305897 2.25
-2.6478554774136445 2.25
-2.64595383853427 2.25
-2.6438903423035702 2.25
-2.641965088754889 2.25
-2.6398779778548827 2.25
-2.6379291096368953 2.25
-2.636018450756479 2.25
-2.633945934524737 2.25
-2.632011660975014 2.25
-2.6299155300739656 2.25
-2.6278576085104883 2.25
-2.6259379296290297 2.25
-2.6238563933962458 2.25
-2.621913099845481 2.25
-2.620008015632287 2.25
-2.6179410740677675 2.25
-2.6160123751852673 2.25
-2.6139218189514413 2.25
-2.6118694720551865 2.25
-2.6099553678409504 2.25
-2.607879406275389 2.25
-2.6059416873918466 2.25
-2.603842111156979 2.25
-2.601780744259682 2.25
-2.600819182152043 2.25
-2.5998576200444043 2.25
-2.5993363746527534 2.25
-2.5988151292611024 2.25
-2.598554506565277 2.25
-2.5982938838694514 2.25
-2.5982287281954948 2.25
-2.5981635725215386 2.25
-2.5981309946845608 2.25
-2.5980984168475825 2.25
-2.598065839010604 2.125
-2.598033261173626 2.125
-2.5979029498257136 2.125
-2.597772638477801 2.125
-2.5967992690355084 2.125
-2.5958258995932164 2.125
-2.593917370046203 2.125
-2.591846983147864 2.125
-2.589914838931544 2.125
-2.587820837363899 2.125
-2.5857650451338245 2.125
-2.5838474955857693 2.125
-2.5817680886863883 2.125
-2.5798269244690264 2.125
-2.5779239695892353 2.125
-2.575859157358119 2.125
-2.5739325878090216 2.125
-2.571844160908599 2.125
-2.569893976690195 2.125
-2.5679820018093618 2.125
-2.5659081695772032 2.125
-2.563972580027064 2.125
-2.561875133125599 2.125
-2.559815895561705 2.125
-2.5578949006798304 2.125
-2.5558120484466302 2.125
-2.5538674388954488 2.125
-2.551961038681838 2.125
-2.549892781116902 2.125
-2.547962766233985 2.125
-2.545870893999743 2.125
-2.5438172311030716 2.125
-2.5419018108884193 2.125
-2.5398245333224416 2.125
-2.5378854984384827 2.125
-2.5359846728920945 2.125
-2.533921989994381 2.125
-2.5319975497786866 2.125
-2.529911252211667 2.125
-2.5279631973266663 2.125
-2.5270082745529514 2.125
-2.5260533517792365 2.125
-2.5255354260545477 2.125
-2.5250175003298585 2.125
-2.5249527596142727 2.125
-2.5248880188986864 2.125
-2.5248556485408935 2.
-2.5248232781831 2.
-2.5247909078253072 2.
-2.5247585374675143 2.
-2.524629056036342 2.
-2.5244995746051697 2.
-2.524240611742825 2.
-2.523981648880481 2.
-2.5230149187721125 2.
-2.5220481886637445 2.
-2.5199528710956827 2.
-2.5178957628651917 2.
-2.51597689731672 2.
-2.5138961744169226 2.
-2.5119536941991445 2.
-2.510049423318937 2.
-2.507983295087404 2.
-2.50605540953789 2.
-2.503965666637051 2.
-2.5019141330737824 2.
-2.500000842192533 2.
-2.4979256939599583 2.
-2.4959887884094023 2.
-2.493890025507521 2.
-2.4918294719432104 2.
-2.489907161060919 2.
-2.487822992827302 2.
-2.4858770672757045 2.
-2.4839693510616776 2.
-2.4818997774963254 2.
-2.479968446612992 2.
-2.477875258378333 2.
-2.475820279481245 2.
-2.473903543266176 2.
-2.4718249496997817 2.
-2.4698845988154066 2.
-2.467982457268602 2.
-2.4659184583704725 2.
-2.4639927021543615 2.
-2.461905088586925 2.
-2.459955717701508 2.
-2.4580445561536615 2.
-2.4559715372544897 2.
-2.454036761037337 2.
-2.4519401274688586 2.
-2.450910915353405 2.
-2.4498817032379514 2.
-2.449761691891146 2.
-2.4496416805443406 2.
-2.449581674870938 2.
-2.449521669197535 2.
-2.4494916663608333 2.
-2.449461663524132 1.875
-2.4494316606874307 1.875
-2.4494016578507294 1.875
-2.449161635157118 1.875
-2.448921612463507 1.875
-2.448441567076285 1.875
-2.447961521689063 1.875
-2.4469205022389557 1.875
-2.445879482788849 1.875
-2.4439356865706543 1.875
-2.4420300996900304 1.875
-2.439962655458081 1.875
-2.438033453908151 1.875
-2.435942395006895 1.875
-2.4338895454432103 1.875
-2.4319749385615443 1.875
-2.429898474328553 1.875
-2.4279602527775808 1.875
-2.425860173875283 1.875
-2.4237983043105564 1.875
-2.421874677427849 1.875
-2.4197891931938154 1.875
-2.417841951641801 1.875
-2.4159329194273576 1.875
-2.4138620298615887 1.875
-2.411929382977839 1.875
-2.409834878742764 1.875
-2.4077785838452597 1.875
-2.4058605316297745 1.875
-2.4037806220629636 1.875
-2.401838955178172 1.875
-2.399935497630951 1.875
-2.3978701827324045 1.875
-2.3959431105158773 1.875
-2.3938541809480247 1.875
-2.391803460717743 1.875
-2.3898909831694803 1.875
-2.387816648269892 1.875
-2.3858805560523226 1.875
-2.383782606483428 1.875
-2.381722866252104 1.875
-2.3798013687027995 1.875
-2.3777180138021694 1.875
-2.375772901583558 1.875
-2.373865998702518 1.875
-2.3728316185863347 1.875
-2.371797238470152 1.875
-2.3717670741334276 1.875
-2.3717369097967036 1.875
-2.3717067454599796 1.75
-2.371676581123255 1.75
-2.371616252449807 1.75
-2.3715559237763584 1.75
-2.3714352664294616 1.75
-2.371314609082565 1.75
-2.371073294388772 1.75
-2.3708319796949784 1.75
-2.370349350307392 1.75
-2.369866720919805 1.75
-2.368820533468969 1.75
-2.367774346018133 1.75
-2.3657201804540318 1.75
-2.3638042575719496 1.75
-2.361726477338542 1.75
-2.359786939787153 1.75
-2.357885611573335 1.75
-2.3558224260081917 1.75
-2.3538974831250674 1.75
-2.351810682890618 1.75
-2.3498621253381873 1.75
-2.3479517771233276 1.75
-2.3458795715571426 1.75
-2.343945608672976 1.75
-2.3418497884374845 1.75
-2.3397921775395636 1.75
-2.337872809323662 1.75
-2.3357915837564347 1.75
-2.3338486008712267 1.75
-2.3319438273235895 1.75
-2.329877196424627 1.75
-2.327948808207683 1.75
-2.325858562639414 1.75
-2.3238065264087155 1.75
-2.3218927328600363 1.75
-2.3198170819600317 1.75
-2.317879673742046 1.75
-2.315780408172735 1.75
-2.3137193519409944 1.75
-2.311796538391273 1.75
-2.3097118674902264 1.75
-2.307765439271199 1.75
-2.305857220389742 1.75
-2.30378714415696 1.75
-2.301855310606197 1.75
-2.299761619704108 1.75
-2.2977061381395902 1.75
-2.2957888992570914 1.75
-2.293709803023267 1.75
-2.292739376247365 1.75
-2.291768949471462 1.75
-2.2915311189446825 1.75
-2.2912932884179034 1.75
-2.291263559602056 1.625
-2.291233830786209 1.625
-2.2912041019703615 1.625
-2.2911743731545138 1.625
-2.2911149155228188 1.625
-2.291055457891124 1.625
-2.2909365426277346 1.625
-2.290817627364345 1.625
-2.2903419663107867 1.625
-2.289866305257228 1.625
-2.288834054474448 1.625
-2.2878018036916683 1.625
-2.2858755448081274 1.625
-2.283787428573261 1.625
-2.281837555020414 1.625
-2.2799258908051376 1.625
-2.277852369238536 1.625
-2.2759170903539534 1.625
-2.2738199541180455 1.625
-2.2717610272197084 1.625
-2.26984034300339 1.625
-2.2677578014357462 1.625
-2.2658135025501216 1.625
-2.2639074130020678 1.625
-2.2618394661026886 1.625
-2.2599097618853285 1.625
-2.257818200316643 1.625
-2.2557648480855286 1.625
-2.2538497385364327 1.625
-2.2517727716360114 1.625
-2.2498340474176093 1.625
-2.247733465847882 1.625
-2.245671093615725 1.625
-2.2437469640655876 1.625
-2.2416609771641243 1.625
-2.23971323294468 1.625
-2.2378036980628067 1.625
-2.235732305829608 1.625
-2.2337991562784283 1.625
-2.2317041493759233 1.625
-2.229647351810989 1.625
-2.227728796928074 1.625
-2.2256483846938333 1.625
-2.2237062151416116 1.625
-2.2218022549269607 1.625
-2.2197364373609845 1.625
-2.2178088624770274 1.625
-2.215719430241745 1.625
-2.2136682073440332 1.625
-2.2117552271283407 1.625
-2.210717808344832 1.625
-2.2096803895613224 1.625
-2.2091962408400727 1.625
-2.208712092118823 1.625
-2.208470017758198 1.625
-2.2082279433975733 1.625
-2.2081069062172607 1.625
-2.207985869036948 1.625
-2.20795560974187 1.625
-2.207925350446792 1.5
-2.207895091151714 1.5
-2.207864831856636 1.5
-2.2078043132664797 1.5
-2.207743794676323 1.5
-2.206694568558161 1.5
-2.2056453424399987 1.5
-2.203585099541245 1.5
-2.2016630993245103 1.5
-2.1995792417564504 1.5
-2.197633626870409 1.5
-2.195726221321939 1.5
-2.1936569584221433 1.5
-2.1917259382043666 1.5
-2.1896330606352645 1.5
-2.1875783924037333 1.5
-2.185661966854221 1.5
-2.1835836839533838 1.5
-2.181643643734565 1.5
-2.1797418128533175 1.5
-2.177678124620744 1.5
-2.17575267907019 1.5
-2.1736653761683105 1.5
-2.17171631594845 1.5
-2.1698054650661605 1.5
-2.1677327568325455 1.5
-2.1657982912809493 1.5
-2.1637019683780276 1.5
-2.161643854812677 1.5
-2.159723983929345 1.5
-2.157642255694688 1.5
-2.1556987701420502 1.5
-2.153793493926983 1.5
-2.1517263603605907 1.5
-2.149797469476217 1.5
-2.147706721240518 1.5
-2.1456541823423896 1.5
-2.1437398861262804 1.5
-2.141663732558846 1.5
-2.1397258216734305 1.5
-2.1376260534366893 1.5
-2.1355644945375194 1.5
-2.133641178320368 1.5
-2.1315560047518916 1.5
-2.129609073865434 1.5
-2.1277003523165474 1.5
-2.1256297734163354 1.5
-2.1236974371981425 1.5
-2.122650340413383 1.5
-2.121603243628624 1.5
-2.121474744614127 1.5
-2.1213462455996304 1.5
-2.121314120846006 1.375
-2.121281996092382 1.375
-2.121249871338758 1.375
-2.121217746585134 1.375
-2.1211534970778856 1.375
-2.1210892475706373 1.375
-2.120832249541644 1.375
-2.1205752515126504 1.375
-2.1200612554546634 1.375
-2.1195472593966764 1.375
-2.118588388621712 1.375
-2.1176295178467477 1.375
-2.1155499189454936 1.375
-2.1136085627262586 1.375
-2.1117054158445945 1.375
-2.109640411611605 1.375
-2.1077136500606346 1.375
-2.1056250311583384 1.375
-2.1036746549380614 1.375
-2.101762488055355 1.375
-2.0996884638213236 1.375
-2.097752682269311 1.375
-2.0956550433659733 1.375
-2.0935956138002063 1.375
-2.0916744269164584 1.375
-2.089591382681385 1.375
-2.0876465811283302 1.375
-2.0857399889128465 1.375
-2.0836715393460374 1.375
-2.0817413324612475 1.375
-2.079649268225132 1.375
-2.0775954133265877 1.375
-2.075679801110062 1.375
-2.0736023315422107 1.375
-2.0716631046563787 1.375
-2.0697620871081175 1.375
-2.067699212208531 1.375
-2.0657745799909635 1.375
-2.0636880904220707 1.375
-2.0617398435351966 1.375
-2.0598298059858933 1.375
-2.0577579110852646 1.375
-2.055824258866655 1.375
-2.0537287492967202 1.375
-2.051671449064356 1.375
-2.0497523915140112 1.375
-2.047671476612341 1.375
-2.0457288043926893 1.375
-2.0438243415106085 1.375
-2.0417580212772024 1.375
-2.0398299437258154 1.375
-2.037740008823103 1.375
-2.0356882832579615 1.375
-2.033774800374839 1.375
-2.032737130257615 1.375
-2.031699460140391 1.375
-2.031457322946337 1.375
-2.0312151857522833 1.375
-2.03115465145377 1.375
-2.0310941171552566 1.375
-2.031063850006 1.375
-2.031033582856743 1.375
-2.0310033157074865 1.25
-2.03097304855823 1.25
-2.030851979961203 1.25
-2.0307309113641763 1.25
-2.030246636976069 1.25
-2.0297623625879617 1.25
-2.0287128851360845 1.25
-2.0276634076842073 1.25
-2.0256026621180236 1.25
-2.023680159233859 1.25
-2.0215957989983693 1.25
-2.0196496814448985 1.25
-2.0177417732289986 1.25
-2.015672007661773 1.25
-2.0137404847765663 1.25
-2.0116471045400344 1.25
-2.0095919336410732 1.25
-2.0076750054241312 1.25
-2.005596219855864 1.25
-2.003655676969615 1.25
-2.001753343420938 1.25
-1.9996891525209348 1.25
-1.9977632043029507 1.25
-1.9956753987336413 1.25
-1.993725835846351 1.25
-1.9918144822966315 1.25
-1.9897412713955864 1.25
-1.9878063031765605 1.25
-1.9857094776062092 1.25
-1.9836508613734287 1.25
-1.9817304878226671 1.25
-1.9796482569205802 1.25
-1.9777042687005122 1.25
-1.9757984898180152 1.25
-1.9737308535841926 1.25
-1.9718014600323892 1.25
-1.9697102091292602 1.25
-1.9676571675637022 1.25
-1.9657423686801632 1.25
-1.9636657124452987 1.25
-1.9617272988924532 1.25
-1.9596270279882824 1.25
-1.9575649664216823 1.25
-1.9556411475371014 1.25
-1.953555471301195 1.25
-1.9516080377473075 1.25
-1.949698813530991 1.25
-1.947627731963349 1.25
-1.945694893077726 1.25
-1.9436001968407777 1.25
-1.9415437099414001 1.25
-1.9396254657240417 1.25
-1.9385854149396997 1.25
-1.9375453641553577 1.25
-1.9370598994336916 1.25
-1.9365744347120253 1.25
-1.936544093166921 1.25
-1.936513751621817 1.25
-1.9364834100767128 1.125
-1.9364530685316086 1.125
-1.9363923854414002 1.125
-1.9363317023511921 1.125
-1.9362103361707756 1.125
-1.936088969990359 1.125
-1.935846237629526 1.125
-1.9356035052686928 1.125
-1.9346516804941458 1.125
-1.9336998557195988 1.125
-1.9316343488191794 1.125
-1.9297070846007789 1.125
-1.927617963031053 1.125
-1.925567050798898 1.125
-1.923654381248762 1.125
-1.9215798543473006 1.125
-1.9196435701278582 1.125
-1.9175454285570903 1.125
-1.9154854963238934 1.125
-1.9135638067727154 1.125
-1.911480259870212 1.125
-1.9095349556497276 1.125
-1.9076278607668142 1.125
-1.9055589085325753 1.125
-1.9036281989803554 1.125
-1.90153563207681 1.125
-1.8994812745108356 1.125
-1.89756515962688 1.125
-1.8954871873915993 1.125
-1.8935474578383373 1.125
-1.8916459376226462 1.125
-1.8895825600556297 1.125
-1.8876574251706324 1.125
-1.8855704329343095 1.125
-1.8836216833800057 1.125
-1.8817111431632727 1.125
-1.8796387455952144 1.125
-1.877704590709175 1.125
-1.8756085784718102 1.125
-1.8735507755720162 1.125
-1.8716312153542414 1.125
-1.869549797785141 1.125
-1.8676066228980597 1.125
-1.8657016573485492 1.125
-1.8636348344477134 1.125
-1.8617062542288965 1.125
-1.8596158166587542 1.125
-1.8575635884261827 1.125
-1.8556496028756302 1.125
-1.8535737599737523 1.125
-1.8516361597538935 1.125
-1.8495367021827092 1.125
-1.8474754539490956 1.125
-1.8455524483975012 1.125
-1.8434675854945815 1.125
-1.8415209652736806 1.125
-1.8396125543903505 1.125
-1.838577420273023 1.125
-1.8375422861556951 1.125
-1.8374215345586553 1.125
-1.8373007829616155 1.125
-1.8372404071630957 1.125
-1.8371800313645759 1.125
-1.837149843465316 1.125
-1.837119655566056 1.125
-1.8370894676667961 1.
-1.837059279767536 1.
-1.8368177765734566 1.
-1.836576273379377 1.
-1.836093266991218 1.
-1.8356102606030589 1.
-1.834563319151078 1.
-1.833516377699097 1.
-1.831460704132706 1.
-1.829543273248334 1.
-1.8274639850126368 1.
-1.8255229394589585 1.
-1.823620103242851 1.
-1.821555409675418 1.
-1.819628958790004 1.
-1.8175406505532647 1.
-1.8155905849985445 1.
-1.8136787287813951 1.
-1.8116050152129202 1.
-1.8096695443264643 1.
-1.8075722160886831 1.
-1.8055130971884727 1.
-1.8035922209702813 1.
-1.8015094874007644 1.
-1.7995649965132667 1.
-1.7976587149633398 1.
-1.7955905760620874 1.
-1.793660679842854 1.
-1.7915689262722954 1.
-1.7895153820393075 1.
-1.7876000804883385 1.
-1.7855229215860442 1.
-1.7835840053657688 1.
-1.7816832984830644 1.
-1.7796207342490344 1.
-1.7776964126970236 1.
-1.7756102337936872 1.
-1.77366229757237 1.
-1.7717525706886235 1.
-1.7696809864535517 1.
-1.7677476449004987 1.
-1.7656524459961205 1.
-1.763595456429313 1.
-1.7616767095445247 1.
-1.7595961053084108 1.
-1.757653743754316 1.
-1.755749591537792 1.
-1.7536835819699428 1.
-1.7517558150841124 1.
-1.7496661908469566 1.
-1.7476147759473717 1.
-1.7457016037298059 1.
-1.7436265741609145 1.
-1.7416897872740422 1.
-1.7395911430358444 1.
-1.7375307081352176 1.
-1.7356085159166097 1.
-1.734566491131643 1.
-1.7335244663466765 1.
-1.733038014624698 1.
-1.7325515629027193 1.
-1.7323083370417298 1.
-1.7320651111807406 1.
-1.7320347079481169 0.875
-1.7320043047154932 0.875
-1.7319739014828697 0.875
-1.731943498250246 0.875
-1.7318826917849988 0.875
-1.7318218853197513 0.875
-1.7317002723892567 0.875
-1.731578659458762 0.875
-1.7306248606835903 0.875
-1.7296710619084188 0.875
-1.72760160700675 0.875
-1.7256703947871002 0.875
-1.7235773252161248 0.875
-1.7215224649827205 0.875
-1.7196058474313352 0.875
-1.7175273725286244 0.875
-1.7155871403079326 0.875
-1.7136851174248118 0.875
-1.7116212371903654 0.875
-1.7096955996379382 0.875
-1.7076081047341853 0.875
-1.7056588525124516 0.875
-1.7037478096282888 0.875
-1.7016749093928005 0.875
-1.6997402518393312 0.875
-1.6976437369345365 0.875
-1.6955854313673127 0.875
-1.693665368482108 0.875
-1.6915834482455776 0.875
-1.6896397706910664 0.875
-1.687734302474126 0.875
-1.6856669769058603 0.875
-1.6837378940196135 0.875
-1.6816469537820413 0.875
-1.67959422288204 0.875
-1.6776797346640577 0.875
-1.67560338909475 0.875
-1.6736652862074612 0.875
-1.671565325968847 0.875
-1.6695035750678038 0.875
-1.6675800668487795 0.875
-1.6654947012784298 0.875
-1.663547578390099 0.875
-1.6616386648393393 0.875
-1.659567893937254 0.875
-1.6576353657171878 0.875
-1.655540980145796 0.875
-1.6534848039119754 0.875
-1.6515668703601736 0.875
-1.6494870794570464 0.875
-1.6475455312359382 0.875
-1.6456421923524007 0.875
-1.643576996117538 0.875
-1.6416500425646943 0.875
-1.639561231660525 0.875
-1.637610663438375 0.875
-1.6356983045537956 0.875
-1.633624088317891 0.875
-1.6316881147640052 0.875
-1.6295902838587941 0.875
-1.6275306622911538 0.875
-1.6256092834055327 0.875
-1.623526047168586 0.875
-1.6225535503911221 0.875
-1.6215810536136583 0.875
-1.6211043575593191 0.875
-1.62062766150498 0.875
-1.620508487491395 0.875
-1.6203893134778102 0.875
-1.620329726471018 0.875
-1.6202701394642256 0.875
-1.6202403459608294 0.875
-1.6202105524574333 0.875
-1.620180758954037 0.75
-1.6201509654506407 0.75
-1.6199126174234713 0.75
-1.6196742693963015 0.75
-1.6186399486119605 0.75
-1.6176056278276194 0.75
-1.6156752289409562 0.75
-1.6135829727029676 0.75
-1.6115289258025498 0.75
-1.609613121584151 0.75
-1.6075354600144267 0.75
-1.6055960411267216 0.75
-1.6036948315765873 0.75
-1.6016317646751275 0.75
-1.5997069404556867 0.75
-1.5976202588849207 0.75
-1.5956718199961735 0.75
-1.593761590444997 0.75
-1.5916895035424954 0.75
-1.5897556593220128 0.75
-1.5876599577502046 0.75
-1.5856024655159673 0.75
-1.583683215963749 0.75
-1.5816021090602055 0.75
-1.5796592448386808 0.75
-1.577754589954727 0.75
-1.5756880777194477 0.75
-1.5737598081661874 0.75
-1.5716696812616018 0.75
-1.569617763694587 0.75
-1.5677040888095912 0.75
-1.56562855657327 0.75
-1.5636912670189678 0.75
-1.5615921201133403 0.75
-1.5595311825452836 0.75
-1.5576084876592458 0.75
-1.5555239354218826 0.75
-1.5535776258665386 0.75
-1.5516695256487654 0.75
-1.5495995680796666 0.75
-1.547667853192587 0.75
-1.545574280954182 0.75
-1.5435189180533477 0.75
-1.5416017978345324 0.75
-1.5395228202643918 0.75
-1.53758208537627 0.75
-1.5356795598257194 0.75
-1.533615176923843 0.75
-1.531689036703986 0.75
-1.5296010391328032 0.75
-1.5276512842436396 0.75
-1.5257397386920468 0.75
-1.5236663357891287 0.75
-1.5217311755682295 0.75
-1.5196341579960049 0.75
-1.5175753497613511 0.75
-1.5156547842087165 0.75
-1.5135723613047563 0.75
-1.5116281810828152 0.75
-1.5097222101984449 0.75
-1.5076543819627493 0.75
-1.5057247964090725 0.75
-1.5036333535040705 0.75
-1.5026067367203548 0.75
-1.5015801199366392 0.75
-1.5011013722152862 0.75
-1.5006226244939331 0.75
-1.5003832506332566 0.75
-1.50014387677258 0.75
-1.5000840333074108 0.75
-1.5000241898422417 0.75
-1.4999942681096572 1.
-1.4999643463770727 1.
-1.4999344246444881 1.
-1.4999045029119036 1.
-1.4997848159815654 1.
-1.499665129051227 1.
-1.498626704932858 1.
-1.4975882808144894 1.
-1.4966189780371302 1.
-1.4956496752597708 1.
-1.4955183963281429 1.
-1.4953871173965152 1.
-1.4953542976636083 1.
-1.4953214779307014 0.875
-1.4952886581977944 0.875
-1.4952558384648875 0.875
-1.4951901989990737 0.875
-1.4951245595332598 0.875
-1.4948620016700043 0.875
-1.4945994438067487 0.875
-1.4940743280802375 0.875
-1.4935492123537266 0.875
-1.4925180855694902 0.875
-1.4914869587852535 0.875
-1.4895629478987993 0.875
-1.4874770796610197 0.875
-1.485529454105259 0.875
-1.4836200378870694 0.875
-1.4815487643175542 0.875
-1.4796157334300581 0.875
-1.4775208451912365 0.875
-1.475464166289986 0.875
-1.4735457300707542 0.875
-1.4714654365001971 0.875
-1.469523385611659 0.875
-1.4676195440606918 0.875
-1.4655538451583991 0.875
-1.4636263889381256 0.875
-1.4615370753665264 0.875
-1.4594859711324983 0.875
-1.4575731095804891 0.875
-1.4554983906771546 0.875
-1.453561914455839 0.875
-1.451463580883198 0.875
-1.4494034566481278 0.875
-1.4474815750950767 0.875
-1.4453978361907 0.875
-1.4434523399683425 0.875
-1.4415450530835558 0.875
-1.4394759088474438 0.875
-1.4385104580703971 0.875
-1.4375450072933507 0.875
-1.437021817566996 0.875
-1.4364986278406415 0.875
-1.436237032977464 0.875
-1.4359754381142869 0.875
-1.4359100393984927 0.875
-1.4358446406826983 0.875
-1.4358119413248012 0.875
-1.435779241966904 0.75
-1.4357465426090068 0.75
-1.4357138432511096 0.75
-1.435583045819521 0.75
-1.4354522483879322 0.75
-1.4344249736040084 0.75
-1.4333976988200845 0.75
-1.431481391934256 0.75
-1.4294032276971018 0.75
-1.4274633061419668 0.75
-1.4255615939244026 0.75
-1.423498024355513 0.75
-1.4215726974686425 0.75
-1.4194855132304465 0.75
-1.4175365716742694 0.75
-1.4156258394556633 0.75
-1.4135532498857317 0.75
-1.4116189029978192 0.75
-1.4095226987585812 0.75
-1.4074647038569141 0.75
-1.405544951637266 0.75
-1.4034633420662925 0.75
-1.401519975177338 0.75
-1.3996148176259542 0.75
-1.397547802723245 0.75
-1.395619030502555 0.75
-1.3935284009305395 0.75
-1.3914759806960948 0.75
-1.3895618031436692 0.75
-1.3874857682399182 0.75
-1.3855479760181861 0.75
-1.3834483264451287 0.75
-1.3813868862096421 0.75
-1.3794636886561746 0.75
-1.3773786337513816 0.75
-1.3754318215286077 0.75
-1.3735232186434045 0.75
-1.371452758406876 0.75
-1.3704866496296213 0.75
-1.3695205408523665 0.75
-1.3689970221259078 0.75
-1.368473503399449 0.75
-1.3682117440362198 0.75
-1.3679499846729903 0.75
-1.367884544832183 0.75
-1.3678191049913755 0.75
-1.3677863850709717 0.75
-1.3677536651505682 0.625
-1.3677209452301646 0.625
-1.3676882253097609 0.625
-1.3675573456281462 0.625
-1.3674264659465316 0.625
-1.3663985331623996 0.625
-1.3653706003782675 0.625
-1.3634529774920223 0.625
-1.3613734972544518 0.625
-1.3594322596989004 0.625
-1.3575292314809198 0.625
-1.3554643459116136 0.625
-1.3535377030243265 0.625
-1.3514492027857141 0.625
-1.3494989452291206 0.625
-1.347586897010098 0.625
-1.34551299143975 0.625
-1.343577328551421 0.625
-1.3414798083117665 0.625
-1.3394204974096828 0.625
-1.3374994291896183 0.625
-1.3354165036182284 0.625
-1.3334718207288574 0.625
-1.3315653471770572 0.625
-1.3294970162739317 0.625
-1.327566928052825 0.625
-1.325474982480393 0.625
-1.323421246245532 0.625
-1.3215057526926899 0.625
-1.3194284017885223 0.625
-1.3174892935663738 0.625
-1.3155883946817961 0.625
-1.313525638445893 0.625
-1.311601124892009 0.625
-1.3095147539867995 0.625
-1.3075666257636092 0.625
-1.3056567068779896 0.625
-1.3035849306410445 0.625
-1.3016513970861185 0.625
-1.2995560061798672 0.625
-1.2974988246111867 0.625
-1.295579885724525 0.625
-1.2934990894865381 0.625
-1.29155653593057 0.625
-1.2906043638213716 0.625
-1.289652191712173 0.625
-1.2891356413197423 0.625
-1.2886190909273116 0.625
-1.2883608157310964 0.625
-1.2881025405348812 0.625
-1.2879734029367735 0.625
-1.287844265338666 0.625
-1.2878119809391388 0.625
-1.287779696539612 0.625
-1.2877474121400851 0.5
-1.287715127740558 0.5
-1.2876505589415044 0.5
-1.2875859901424505 0.5
-1.2866220106985988 0.5
-1.285658031254747 0.5
-1.283568215015718 0.5
-1.28151660811426 0.5
-1.2796032438948208 0.5
-1.2775280223240564 0.5
-1.2755910434353108 0.5
-1.27349220719524 0.5
-1.2714315802927398 0.5
-1.2695091960722589 0.5
-1.2674249545004523 0.5
-1.265478955610665 0.5
-1.2635711660584483 0.5
-1.2615015191549064 0.5
-1.2595701149333833 0.5
-1.257476853360535 0.5
-1.2554218011252574 0.5
-1.253504991571999 0.5
-1.2514263246674149 0.5
-1.24948590044485 0.5
-1.2475836855598559 0.5
-1.2455196133235364 0.5
-1.243593783769236 0.5
-1.24150609686361 0.5
-1.239556652640003 0.5
-1.237645417753967 0.5
-1.2355723255166056 0.5
-1.2336374759612632 0.5
-1.2315407690545952 0.5
-1.2294822714854983 0.5
-1.2275620165984202 0.5
-1.2254799043600169 0.5
-1.2235360348036324 0.5
-1.221630374584819 0.5
-1.21956285701468 0.5
-1.21763358212656 0.5
-1.2155424498871146 0.5
-1.2134895269852402 0.5
-1.2115748467653846 0.5
-1.2094983091942038 0.5
-1.2075600143050418 0.5
-1.2054598620645545 0.5
-1.203397919161638 0.5
-1.2014742189407406 0.5
-1.1993886613685176 0.5
-1.1974413464783138 0.5
-1.1955322409256808 0.5
-1.1934612780217224 0.5
-1.191528557799783 0.5
-1.1904812690131505 0.5
-1.1894339802265181 0.5
-1.1893697187191528 0.5
-1.1893054572117872 0.5
-1.1892733264581046 0.5
-1.1892411957044218 0.5
-1.189209064950739 0.5
-1.1891769341970564 0.375
-1.1890484111823256 0.375
-1.1889198881675946 0.375
-1.188662842138133 0.375
-1.1884057961086711 0.375
-1.1878917040497476 0.375
-1.1873776119908241 0.375
-1.1864185492139867 0.375
-1.1854594864371493 0.375
-1.1833795035321488 0.375
-1.1814377633091675 0.375
-1.179534232423757 0.375
-1.1774688441870211 0.375
-1.1755416986323042 0.375
-1.1734526957262619 0.375
-1.1714019021577904 0.375
-1.169489351271338 0.375
-1.16741494303356 0.375
-1.1654787774778013 0.375
-1.1633807545707169 0.375
-1.1613209410012035 0.375
-1.159399370113709 0.375
-1.1573159418748893 0.375
-1.1553707563180884 0.375
-1.1534637800988583 0.375
-1.1513949465283029 0.375
-1.1494643556397666 0.375
-1.1473719073999047 0.375
-1.1453176684976136 0.375
-1.1434016722773417 0.375
-1.1413238187057444 0.375
-1.139384207816166 0.375
-1.1374828062641584 0.375
-1.1354195473608255 0.375
-1.1334945311395117 0.375
-1.1314076575668723 0.375
-1.129459026676252 0.375
-1.1275486051232027 0.375
-1.1254763262188279 0.375
-1.123542289996472 0.375
-1.1214463964227908 0.375
-1.1193887121866803 0.375
-1.1174692706325888 0.375
-1.115387971727172 0.375
-1.1134449155037742 0.375
-1.1115400686179473 0.375
-1.1094733643807948 0.375
-1.1075449028256614 0.375
-1.1054545839192027 0.375
-1.1034024743503148 0.375
-1.1014886074634458 0.375
-1.0994128832252514 0.375
-1.0974754016690762 0.375
-1.0953760627615754 0.375
-1.0933149331916454 0.375
-1.0913920463037345 0.375
-1.0893073020644983 0.375
-1.087360800507281 0.375
-1.0854525082876345 0.375
-1.0833823587166627 0.375
-1.0814504518277097 0.375
-1.0793566875874314 0.375
-1.077301132684724 0.375
-1.0753838204640356 0.375
-1.0733046508920216 0.375
-1.0713637240020268 0.375
-1.0694610064496028 0.375
-1.0673964315458535 0.375
-1.065470099324123 0.375
-1.0633819097510673 0.375
-1.0614319628600306 0.375
-1.0595202253065648 0.375
-1.058483427854169 0.375
-1.0574466304017733 0.375
-1.0574163905232927 0.375
-1.057386150644812 0.375
-1.057355910766331 0.25
-1.0573256708878502 0.25
-1.0572651911308886 0.25
-1.057204711373927 0.25
-1.0570837518600036 0.25
-1.0569627923460803 0.25
-1.0567208733182336 0.25
-1.0564789542903872 0.25
-1.055995116234694 0.25
-1.055511278179001 0.25
-1.0544626733919522 0.25
-1.0534140686049034 0.25
-1.0513550683683766 0.25
-1.0494343108138686 0.25
-1.0473516959080353 0.25
-1.045407323684221 0.25
-1.0435011607979776 0.25
-1.0414331405604087 0.25
-1.039503363004859 0.25
-1.0374117280979835 0.25
-1.0353583025286792 0.25
-1.0334431196413938 0.25
-1.031366079402783 0.25
-1.0294272818461911 0.25
-1.027326626938274 0.25
-1.0252641813679275 0.25
-1.0233399784796002 0.25
-1.0212539182399474 0.25
-1.0193061006823136 0.25
-1.0173964924622507 0.25
-1.0153250268908625 0.25
-1.013391804001493 0.25
-1.0112967237607984 0.25
-1.0092398528576745 0.25
-1.0073212246365697 0.25
-1.0052407390641394 0.25
-1.0032984961737281 0.25
-1.0023464793973078 0.25
-1.0013944626208877 0.25
-1.000877989894846 0.25
-1.0003615171688047 0.25
-1.0002323989872943 0.25
-1.0001032808057841 0.25
-1.0000710012604066 0.25
-1.000038721715029 0.25
-1.0000064421696515 0.25
-0.9999741626242737 0.
-0.9999418830788962 0.
-0.9999096035335185 0.
-0.9998450444427633 0.
-0.9998127648973858 0.
-0.9997804853520081 0.
-0.9997159262612529 0.
-0.9995868080797425 0.
-0.9993285717167218 0.
-0.9992984522132509 0.
-0.9992683327097798 0.
-0.9992080937028376 0.
-0.9990876156889534 0.
-0.9988466596611851 0.
-0.9983647476056484 0.
-0.997400923494575 0.
-0.9953114179211028 0.
-0.9952793664174169 0.
-0.9952473149137309 0.
-0.9951832119063589 0.
-0.9950550058916151 0.
-0.9947985938621274 0.
-0.9942857698031521 0.
-0.9942537182994662 0.
-0.9942216667957802 0.
-0.9941575637884082 0.
-0.9940293577736644 0.
-0.9937729457441767 0.
-0.9932601216852014 0.
-0.9932302302234219 0.
-0.9932003387616426 0.
-0.9931405558380837 0.
-0.9930209899909661 0.
-0.9927818582967307 0.
-0.9927519668349514 0.
-0.9927220753731719 0.
-0.9926622924496131 0.
-0.9925427266024954 0.
-0.992512835140716 0.
-0.9924829436789366 0.
-0.9924231607553777 0.
-0.9923035949082601 0.
-0.9922737034464808 0.
-0.9922438119847014 0.
-0.9922139205229219 0.
-0.9921840290611426 0.
-0.9921541375993631 0.125
-0.9921242461375837 0.125
-0.9920943546758043 0.125
-0.9920644632140249 0.125
-0.9919448973669072 0.125
-0.9918253315197896 0.125
-0.9915861998255543 0.125
-0.991347068131319 0.125
-0.9903096126787151 0.125
-0.9892721572261112 0.125
-0.9873354890029225 0.125
-0.9852369634284083 0.125
-0.9831766471914649 0.125
-0.9812545736365406 0.125
-0.9791706427302909 0.125
-0.9772249545060602 0.125
-0.9753174756194003 0.125
-0.973248139381415 0.125
-0.9713170458254486 0.125
-0.9702705703718029 0.125
-0.969224094918157 0.125
-0.9689672522219419 0.125
-0.9687104095257267 0.125
-0.9685819881776192 0.125
-0.9684535668295116 0.125
-0.9683893561554577 0.125
-0.968325145481404 0.125
-0.9682930401443772 0.125
-0.9682609348073503 0.125
-0.9682288294703234 0.25
-0.9681967241332965 0.25
-0.9676830387408664 0.25
-0.9671693533484361 0.25
-0.9662111039045852 0.25
-0.9652528544607343 0.25
-0.963174498221707 0.25
-0.9612343846646988 0.25
-0.9593324804452614 0.25
-0.9572687188744986 0.25
-0.9553431999857548 0.25
-0.9532558237456855 0.25
-0.9513066901876354 0.25
-0.949395765967156 0.25
-0.9473229843953512 0.25
-0.9453884455055654 0.25
-0.9432920492644543 0.25
-0.941233862360914 0.25
-0.9393139181393927 0.25
-0.9372321165665459 0.25
-0.9352885576757182 0.25
-0.9333832081224613 0.25
-0.931316001217879 0.25
-0.9293870369953158 0.25
-0.9283416262083715 0.25
-0.927296215421427 0.25
-0.9271679271566572 0.25
-0.9270396388918873 0.25
-0.9270075668256949 0.375
-0.9269754947595024 0.375
-0.92694342269331 0.375
-0.9269113506271175 0.375
-0.9268472064947326 0.375
-0.9267830623623476 0.375
-0.9265264858328079 0.375
-0.9262699093032681 0.375
-0.9257567562441886 0.375
-0.9252436031851092 0.375
-0.9242864184079598 0.375
-0.9233292336308104 0.375
-0.9212530067251862 0.375
-0.9193150225015809 0.375
-0.9172151809266503 0.375
-0.9151535486892906 0.375
-0.9132301591339498 0.375
-0.9111449122272836 0.375
-0.9091979080026363 0.375
-0.90728911311556 0.375
-0.9052184608771583 0.375
-0.9032860513207756 0.375
-0.9011917844130674 0.375
-0.8991357268429301 0.375
-0.8972179119548118 0.375
-0.8951382397153681 0.375
-0.8931968101579434 0.375
-0.8912935899380896 0.375
-0.8892285123669104 0.375
-0.8873016774777501 0.375
-0.8852129852372644 0.375
-0.8832625356787978 0.375
-0.881350295457902 0.375
-0.8792761978856808 0.375
-0.8773403429954786 0.375
-0.8752426307539509 0.375
-0.8731831278499942 0.375
-0.8712618676280565 0.375
-0.8691787500547933 0.375
-0.8682063126091712 0.375
-0.8672338751635491 0.375
-0.8667572087751307 0.375
-0.8662805423867125 0.375
-0.8661613757896078 0.375
-0.8660422091925033 0.375
-0.8660124175432271 0.5
-0.865982625893951 0.5
-0.865952834244675 0.5
-0.8659230425953988 0.5
-0.8658634592968465 0.5
-0.8658038759982942 0.5
-0.865565542804085 0.5
-0.8653272096098759 0.5
-0.8642929481573765 0.5
-0.8632586867048772 0.5
-0.8613284064818975 0.5
-0.8592362689075923 0.5
-0.8571823406708581 0.5
-0.8552666551161429 0.5
-0.8531891122101022 0.5
-0.8512498119860805 0.5
-0.8493487210996297 0.5
-0.8472857728618535 0.5
-0.8453610673060963 0.5
-0.8432745043990136 0.5
-0.84132618417395 0.5
-0.8394160732864573 0.5
-0.8373441050476391 0.5
-0.83541037949084 0.5
-0.8333147965827153 0.5
-0.8312574230121617 0.5
-0.829338292123627 0.5
-0.8272573038837668 0.5
-0.8253145583259257 0.5
-0.8234100221056554 0.5
-0.8213436285340597 0.5
-0.8194154776444831 0.5
-0.817325469403581 0.5
-0.8152736705002497 0.5
-0.8133601142789375 0.5
-0.8112847007062999 0.5
-0.8093475298156813 0.5
-0.8072485015737372 0.5
-0.805187682669364 0.5
-0.8032651064470099 0.5
-0.8011806728733303 0.5
-0.7992344819816697 0.5
-0.7973265004275799 0.5
-0.7952566615221648 0.5
-0.7933250652987687 0.5
-0.7912316117240471 0.5
-0.7891763674868963 0.5
-0.7872593659317646 0.5
-0.7851805070253075 0.5
-0.7832398908008694 0.5
-0.7822886873574357 0.5
-0.7813374839140022 0.5
-0.781079450884228 0.5
-0.7808214178544539 0.5
-0.7807569095970104 0.5
-0.7806924013395669 0.5
-0.7806601472108451 0.5
-0.7806278930821233 0.5
-0.7805956389534016 0.625
-0.7805633848246798 0.625
-0.7804343683097927 0.625
-0.7803053517949058 0.625
-0.7797892857353577 0.625
-0.7792732196758094 0.625
-0.7783102088977226 0.625
-0.7773471981196358 0.625
-0.7752593192121368 0.625
-0.7733096829866567 0.625
-0.7713982560987475 0.625
-0.7693249718595129 0.625
-0.7673899303022973 0.625
-0.7652930313937563 0.625
-0.763234341822786 0.625
-0.7613138949338348 0.625
-0.7592315906935583 0.625
-0.7572875291353007 0.625
-0.755381676914614 0.625
-0.7533139673426018 0.625
-0.7513845004526086 0.625
-0.7492931762112901 0.625
-0.7472400613075424 0.625
-0.7453251890858137 0.625
-0.7432484595127595 0.625
-0.7413099726217245 0.625
-0.739209628379364 0.625
-0.7371474934745743 0.625
-0.7352236012518036 0.625
-0.7331378516777076 0.625
-0.7311903447856306 0.625
-0.7292810472311244 0.625
-0.7272098923252928 0.625
-0.7252769801014801 0.625
-0.7231822105263421 0.625
-0.721125650288775 0.625
-0.7192073327332268 0.625
-0.7171271578263532 0.625
-0.7151852256014986 0.625
-0.7132815027142149 0.625
-0.7112159224756057 0.625
-0.7092885849190156 0.625
-0.7071993900111 0.625
-0.7051484044407553 0.625
-0.7032356615524297 0.625
-0.7011610613127786 0.625
-0.6992247037551464 0.625
-0.697126488846189 0.625
-0.6950664832748024 0.625
-0.6931447203854347 0.625
-0.6910611001447416 0.625
-0.6891157225860676 0.625
-0.6872085543649644 0.625
-0.6851395287925358 0.625
-0.6832087459021262 0.625
-0.6811161056603912 0.625
-0.679061674756227 0.625
-0.6771454865340819 0.625
-0.6750674409606113 0.625
-0.6731276380691598 0.625
-0.6712260445152791 0.625
-0.669162593610073 0.625
-0.6672373853868859 0.625
-0.6651503198123734 0.625
-0.6641759083661266 0.625
-0.6632014969198798 0.625
-0.6627238435311492 0.625
-0.6622461901424186 0.625
-0.6620073634480532 0.625
-0.6617685367536879 0.625
-0.6616491234065052 0.625
-0.6615297100593225 0.625
-0.6614998567225268 0.625
-0.6614700033857311 0.625
-0.6614401500489355 0.625
-0.6614102967121398 0.75
-0.6613505900385486 0.75
-0.6612908833649572 0.75
-0.6602546479118332 0.75
-0.6592184124587092 0.75
-0.6572841842344801 0.75
-0.6551880986589256 0.75
-0.653130222420942 0.75
-0.6512105888649774 0.75
-0.6491290979576874 0.75
-0.6471858497324163 0.75
-0.6452808108447162 0.75
-0.6432139146056907 0.75
-0.6412852610486841 0.75
-0.6391947501403521 0.75
-0.637142448569591 0.75
-0.6352283896808489 0.75
-0.6331524734407814 0.75
-0.6312147998827329 0.75
-0.6291152689733589 0.75
-0.6270539474015558 0.75
-0.6251308685117718 0.75
-0.6230459322706623 0.75
-0.6210992387115718 0.75
-0.6191907544900522 0.75
-0.6171204129172072 0.75
-0.6151883140263812 0.75
-0.6130943577842297 0.75
-0.6110386108796492 0.75
-0.6091211066570876 0.75
-0.6070417450832006 0.75
-0.6051006261913326 0.75
-0.6031977166370355 0.75
-0.601132949731413 0.75
-0.5992064255078094 0.75
-0.5971180439328805 0.75
-0.5951679050399705 0.75
-0.5932559754846315 0.75
-0.591182188577967 0.75
-0.5892466443533215 0.75
-0.5871492427773506 0.75
-0.5850900505389506 0.75
-0.5831691009825696 0.75
-0.5810862940748631 0.75
-0.5791417298491757 0.75
-0.577235374961059 0.75
-0.575167162721617 0.75
-0.5732371931641941 0.75
-0.5711453662554457 0.75
-0.569091748684268 0.75
-0.5671763737951094 0.75
-0.5650991415546255 0.75
-0.5631601519961605 0.75
-0.5612593717752664 0.75
-0.5591967342030468 0.75
-0.5572723393128464 0.75
-0.5551860870713204 0.75
-0.5532380775118135 0.75
-0.5513282772898774 0.75
-0.549256619716616 0.75
-0.5473232048253736 0.75
-0.5452279325828057 0.75
-0.5431708696778086 0.75
-0.5412520494548305 0.75
-0.5391713718805271 0.75
-0.5372289369882427 0.75
-0.5353247114335291 0.75
-0.5332586285274901 0.75
-0.5313307883034701 0.75
-0.5292410907281248 0.75
-0.5271896024903502 0.75
-0.5252763569345946 0.75
-0.5232012540275137 0.75
-0.5212643938024518 0.75
-0.5191656762260645 0.75
-0.5171051679872479 0.75
-0.5151829024304504 0.75
-0.5130987795223275 0.75
-0.5111528992962237 0.75
-0.5092452284076906 0.75
-0.5071757001678321 0.75
-0.5052444146099926 0.75
-0.5031512717008277 0.75
-0.5010963381292337 0.75
-0.49917964723965863 0.75
-0.49710109899875815 0.75
-0.4951607934398767 0.75
-0.4932586972185661 0.75
-0.49119474364593 0.75
-0.489269032755313 0.75
-0.4871814645133706 0.75
-0.48620680173340886 0.75
-0.48523213895344713 0.75
-0.484754359897859 0.75
-0.4842765808422709 0.75
-0.48421685846032236 0.75
-0.48415713607837385 0.75
-0.4841272748873996 0.75
-0.48409741369642534 0.875
-0.4840675525054511 0.875
-0.4840376913144768 0.875
-0.4839182465505798 0.875
-0.4837988017866827 0.875
-0.4835599122588886 0.875
-0.48332102273109456 0.875
-0.4822845359442556 0.875
-0.4812480491574166 0.875
-0.4793133182657576 0.875
-0.4772167300227732 0.875
-0.47515835111735966 0.875
-0.4732382148939651 0.875
-0.47115622131924517 0.875
-0.46921247042654424 0.875
-0.4673069288714142 0.875
-0.46523952996495865 0.875
-0.46331037374052214 0.875
-0.46121936016476023 0.875
-0.4591665559265692 0.875
-0.45725199437039715 0.875
-0.45517557546289966 0.875
-0.45323739923742123 0.875
-0.45113736566061735 0.875
-0.44907554142138434 0.875
-0.44715195986417033 0.875
-0.44506652095563093 0.875
-0.44311932472911053 0.875
-0.441210337840161 0.875
-0.439139493599886 0.875
-0.43720689204163005 0.875
-0.43511243313204867 0.875
-0.43305618356003817 0.875
-0.43113817667004667 0.875
-0.4290583124287297 0.875
-0.4271166908694318 0.875
-0.42521327864770475 0.875
-0.4231480090746523 0.875
-0.4212209821836188 0.875
-0.41913209794125994 0.875
-0.4171814563809201 0.875
-0.4152690241581511 0.875
-0.41319473458405664 0.875
-0.4112586876919812 0.875
-0.40916078344858037 0.875
-0.4071010885427504 0.875
-0.40517963631893944 0.875
-0.403096326743803 0.875
-0.4011512598506856 0.875
-0.3992444022951391 0.875
-0.39717568738826714 0.875
-0.3952452151634142 0.875
-0.3931528855872358 0.875
-0.3910987653486283 0.875
-0.3891828877920398 0.875
-0.3871051528841259 0.875
-0.385165660658231 0.875
-0.38326437776990696 0.875
-0.3812012375302575 0.875
-0.37927633997262705 0.875
-0.3771895850636712 0.875
-0.3752410728367343 0.875
-0.3733307699473683 0.875
-0.3712586097066769 0.875
-0.3693246921480045 0.875
-0.36722891723800666 0.875
-0.3651713516655797 0.875
-0.3632520287751717 0.875
-0.36117084853343834 0.875
-0.359227910973724 0.875
-0.3573231827515805 0.875
-0.35525659717811153 0.875
-0.35332825428666165 0.875
-0.3512380540438863 0.875
-0.34918606313868183 0.875
-0.34727231491549637 0.875
-0.3451967093409855 0.875
-0.34325934644849365 0.875
-0.34116012620467634 0.875
-0.3390991152984299 0.875
-0.33717634707420246 0.875
-0.33509172149864963 0.875
-0.3331453386051158 0.875
-0.33123716504915285 0.875
-0.32916713414186444 0.875
-0.32723534591659503 0.875
-0.32514170034000023 0.875
-0.3230862641009763 0.875
-0.32116907054397137 0.875
-0.319090019635641 0.875
-0.31714921140932967 0.875
-0.31524661252058916 0.875
-0.31318215628052326 0.875
-0.31125594272247636 0.875
-0.30916787181310407 0.875
-0.3072180435857508 0.875
-0.30530642469596836 0.875
-0.3032329484548605 0.875
-0.3012977148957716 0.875
-0.29920062398535735 0.875
-0.29714174241251395 0.875
-0.29522110352168957 0.875
-0.2931386072795397 0.875
-0.2911943537194089 0.875
-0.2892883094968489 0.875
-0.28722040792296355 0.875
-0.2852907490310972 0.875
-0.2831992327879054 0.875
-0.28114592588228443 0.875
-0.27923086165868255 0.875
-0.2771539400837552 0.875
-0.2752152611908469 0.875
-0.27311472494661315 0.875
-0.2710523980399503 0.875
-0.26912831381530644 0.875
-0.26704237223933713 0.875
-0.26509467334538683 0.875
-0.2631851837890074 0.875
-0.2611138368813026 0.875
-0.25918073265561675 0.875
-0.2570857710786055 0.875
-0.25502901883916507 0.875
-0.25311050928174367 0.875
-0.25103014237299687 0.875
-0.24908801814626907 0.875
-0.24718410325711215 0.875
-0.2451183310166298 0.875
-0.24319080145816646 0.875
-0.2411014145483777 0.875
-0.2390502369761598 0.875
-0.2371373020859609 0.875
-0.23506250984443658 0.875
-0.23312596028493127 0.875
-0.23102755337410052 0.875
-0.22896735580084066 0.875
-0.22704540090959982 0.875
-0.22496158866703353 0.875
-0.22301601910648627 0.875
-0.2211086588835099 0.875
-0.21903944130920808 0.875
-0.21710846641692527 0.875
-0.21501563417331704 0.875
-0.21296101126727968 0.875
-0.21104463104326132 0.875
-0.20896639346791754 0.875
-0.20702639857459276 0.875
-0.20512461301883886 0.875
-0.20306097011175953 0.875
-0.2011355698866992 0.875
-0.19904831231031345 0.875
-0.19709929741594673 0.875
-0.19518849185915085 0.875
-0.19311582895102955 0.875
-0.19118140872492728 0.875
-0.18908513114749959 0.875
-0.18702706290764273 0.875
-0.18510723734980492 0.875
-0.18302555444064167 0.875
-0.18108211421349743 0.875
-0.17917688332392406 0.875
-0.17710979508302527 0.875
-0.17518094952414548 0.875
-0.17309024661394026 0.875
-0.17103775304130592 0.875
-0.16912350215069058 0.875
-0.1670473939087498 0.875
-0.16510952834882806 0.875
-0.16300980543758087 0.875
-0.16094829186390455 0.875
-0.15902502097224724 0.875
-0.1569398927292645 0.875
-0.1549930071683008 0.875
-0.15308433094490798 0.875
-0.1510137973701897 0.875
-0.14908150647749044 0.875
-0.14698735823346576 0.875
-0.14493141932701195 0.875
-0.14301372310257715 0.875
-0.14093416952681692 0.875
-0.1389928586330757 0.875
-0.13708975707690535 0.875
-0.13502479816940957 0.875
-0.1330980819439328 0.875
-0.1310095083671306 0.875
-0.1290591774723474 0.875
-0.1271470559151351 0.875
-0.12507307700659734 0.875
-0.12313734078007862 0.875
-0.12103974720223448 0.875
-0.11898036296196121 0.875
-0.11705922140370695 0.875
-0.11497622249412726 0.875
-0.11303146626656659 0.875
-0.11112491937657677 0.875
-0.10905651513526153 0.875
-0.10712635357596531 0.875
-0.10503433466534366 0.875
-0.10298052509229287 0.875
-0.1010649582012611 0.875
-0.0989875339589039 0.875
-0.09704835239856573 0.875
-0.09514738017579841 0.875
-0.09308455060170566 0.875
-0.09115996370963193 0.875
-0.08907351946623278 0.875
-0.08712531790485263 0.875
-0.08521532568104336 0.875
-0.08314347610590865 0.875
-0.08120986921279295 0.875
-0.07911440496835183 0.875
-0.07705715006148157 0.875
-0.07513813783663034 0.875
-0.07305726826045367 0.875
-0.07111464136629601 0.875
-0.06921022380970923 0.875
-0.06714394890179702 0.875
-0.06521591667590382 0.875
-0.06312602709868519 0.875
-0.06107434685903742 0.875
-0.05916090930140867 0.875
-0.05708561439245449 0.875
-0.05514856216551933 0.875
-0.05304965258725874 0.875
-0.050988952346569014 0.875
-0.049066494787898304 0.875
-0.04698217987790217 0.875
-0.04503610764992504 0.875
-0.04312824475951879 0.875
-0.041058524517787104 0.875
-0.03912704695807443 0.875
-0.03703371204703633 0.875
-0.03497858647356909 0.875
-0.03306170358212088 0.875
-0.030982963339347226 0.875
-0.029042465778592593 0.875
-0.027140177555408825 0.875
-0.025076031980899628 0.875
-0.023150129088409445 0.875
-0.02106236884459383 0.875
-0.019112851282797234 0.875
-0.017201543058571505 0.875
-0.015128377483020344 0.875
-0.013193454589488202 0.875
-0.011096674344630627 0.875
-0.00903810343734392 0.875
-0.0071177752120762305 0.875
-0.00503558963548311 0.875
-0.0030916467409090056 0.875
-0.0011859131839057691 0.875
0.0008816777244228987 0.875
0.00281102595073255 0.875
0.004902231528367633 0.875
0.006955227768431848 0.875
0.008869981326477046 0.875
0.010946592235847676 0.875
0.012884960463199289 0.875
0.014985186041876333 0.875
0.01704720228298251 0.875
0.01897097584206967 0.875
0.02105660675248226 0.875
0.023003994980875832 0.875
0.02491317387169854 0.875
0.026984210113846677 0.875
0.0289170036739758 0.875
0.031011654585430353 0.875
0.03306809615931404 0.875
0.0349862950511787 0.875
0.0370663512943688 0.875
0.03900816485553988 0.875
0.04091176907914009 0.875
0.04297723065406574 0.875
0.04490444954697236 0.875
0.04699352579120442 0.875
0.04904439269786561 0.875
0.050957016922507786 0.875
0.05303149849847539 0.875
0.05496773739242398 0.875
0.057065833637697995 0.875
0.05912572054540115 0.875
0.06104736477108528 0.875
0.06313086634809485 0.875
0.0650761252430854 0.875
0.06698317480050509 0.875
0.0690520817092502 0.875
0.0709827459359763 0.875
0.07307526751402782 0.875
0.07512957975450849 0.875
0.07704564931297013 0.875
0.0791235762227572 0.875
0.08106326045052525 0.875
0.08296473534072245 0.875
0.08502806758224507 0.875
0.08695315714174867 0.875
0.0890401040525777 0.875
0.09098880828138772 0.875
0.09289930317262687 0.875
0.09497165541519145 0.875
0.09690576497573702 0.875
0.09900173188760802 0.875
0.10105948946190815 0.875
0.10297900435418926 0.875
0.10506037659779581 0.875
0.10700350615938334 0.875
0.1089084263834 0.875
0.11097520395874208 0.875
0.11290373885206516 0.875
0.11499413109671366 0.875
0.1170463140037913 0.875
0.11896025422884993 0.875
0.12103605180523398 0.875
0.12297360669959902 0.875
0.1250730189452895 0.875
0.1271342218534091 0.875
0.1290571820795097 0.875
0.13114199965693574 0.875
0.13308857455234274 0.875
0.13499694011017888 0.875
0.13706716301934044 0.875
0.138999143246483 0.875
0.14109298082495098 0.875
0.1431486090658481 0.875
0.1450659946247262 0.875
0.14714523753492972 0.875
0.14908623776311425 0.875
0.1509890286537279 0.875
0.15305367689566698 0.875
0.15498008245558706 0.875
0.15706834536683256 0.875
0.15901836559605903 0.875
0.16093017648771465 0.875
0.1630038447306957 0.875
0.16493927029165772 0.875
0.16703655320394517 0.875
0.16909562677866177 0.875
0.17101645767135934 0.875
0.17309914591538234 0.875
0.17504359147738632 0.875
0.17694982770181944 0.875
0.17901792127757798 0.875
0.18094777217131752 0.875
0.1830394804163825 0.875
0.18509297932387658 0.875
0.18700823554935167 0.875
0.18908534912615219 0.875
0.1910242200209337 0.875
0.19292488157814433 0.875
0.1949874004866804 0.875
0.19691167671319745 0.875
0.19899781029103994 0.875
0.2009457011868634 0.875
0.20285538274511597 0.875
0.204926921654694 0.875
0.206860217882253 0.875
0.20895537146113743 0.875
0.211012315702451 0.875
0.21293101726174554 0.875
0.21501157617236552 0.875
0.2169538924009665 0.875
0.2188579992919966 0.875
0.22092396353435212 0.875
0.22285168509468864 0.875
0.2249412640063506 0.875
0.22699263358044167 0.875
0.22890576047251374 0.875
0.23098074471591123 0.875
0.2329174862772897 0.875
0.23501608518999362 0.875
0.23707647476512667 0.875
0.23899862165824068 0.875
0.24108262590268012 0.875
0.24302838746510055 0.875
0.24493593968995012 0.875
0.2470053492661251 0.875
0.2489365161602811 0.875
0.2510295404057625 0.875
0.253084355313673 0.875
0.25500092753956455 0.875
0.25707935711678154 0.875
0.25901954401197946 0.875
0.2609215215696065 0.875
0.26298535647855903 0.875
0.26491094870549253 0.875
0.26699839828375144 0.875
0.26894760517999133 0.875
0.27085860273866036 0.875
0.27293145764865484 0.875
0.2748660698766303 0.875
0.2769625394559312 0.875
0.2790207996976612 0.875
0.2809408172573722 0.875
0.28302269216840864 0.875
0.28496632439742603 0.875
0.2868717472888726 0.875
0.2889390275316446 0.875
0.29086806509239754 0.875
0.2929589600044759 0.875
0.29501164557898346 0.875
0.29692608847147195 0.875
0.2990023887152859 0.875
0.30094044627708083 0.875
0.30304036119020117 0.875
0.30510206676575063 0.875
0.3070255296592811 0.875
0.309110849904137 0.875
0.3110579274669739 0.875
0.31296679569223995 0.875
0.3150375212688314 0.875
0.3169700041634038 0.875
0.3190643444093017 0.875
0.3211204753176287 0.875
0.3230383635439367 0.875
0.32511810912157013 0.875
0.32705961201718453 0.875
0.32896290557522806 0.875
0.33102805648459704 0.875
0.33295496471194697 0.875
0.33504373029062234 0.875
0.3369942531872787 0.875
0.3389065667463642 0.875
0.3409807376567751 0.875
0.342916665885167 0.875
0.34501445146488435 0.875
0.34707402770703083 0.875
0.3489953612671583 0.875
0.35107855217861117 0.875
0.35302350040804503 0.875
0.354930239299908 0.875
0.35699883554309647 0.875
0.35892918910426586 0.875
0.3610214000167607 0.875
0.36307540159168467 0.875
0.3649911604845896 0.875
0.36706877672882 0.875
0.36900815029103134 0.875
0.37090931451567183 0.875
0.37297233609163777 0.875
0.3748971149855847 0.875
0.37698375123085703 0.875
0.37893214479411036 0.875
0.3808423290197928 0.875
0.3829143705968007 0.875
0.3848481694917896 0.875
0.38694382573810393 0.875
0.38900127264684736 0.875
0.3909204768735718 0.875
0.39300153845162167 0.875
0.3949443573476525 0.875
0.3968489669061125 0.875
0.3989154338158979 0.875
0.4008436580436643 0.875
0.4029337396227561 0.875
0.40498561186427706 0.875
0.406899241423779 0.875
0.40897472833460635 0.875
0.4109119725634147 0.875
0.4130110741435485 0.875
0.4150719663861114 0.875
0.41699461594665527 0.875
0.4190791228585246 0.875
0.42102538708837495 0.875
0.4229334419806544 0.875
0.4250033542242593 0.875
0.42693502378584514 0.875
0.42902855069875645 0.875
0.4310838682740969 0.875
0.4330009431674183 0.875
0.4350798754120651 0.875
0.43702056497469294 0.875
0.4389230451997499 0.875
0.44098738277613225 0.875
0.4429134776704956 0.875
0.4450014299161844 0.875
0.4469511394798542 0.875
0.44886263970595314 0.875
0.45093599728337747 0.875
0.4528711121787828 0.875
0.45496808442551356 0.875
0.45702684733467347 0.875
0.45894736756181437 0.875
0.46102974514028067 0.875
0.46297388003672796 0.875
0.4648798055956044 0.875
0.46694758850580625 0.875
0.46887712873398907 0.875
0.47096852631349734 0.875
0.47302171455543474 0.875
0.4749366601153531 0.875
0.4770134630265969 0.875
0.4789520232558217 0.875
0.48105244083637194 0.875
0.48208354495786165 0.875
0.4831146490793513 0.875
0.4835956404695914 0.875
0.4840766318598315 0.875
0.48410669382172156 0.875
0.48413675578361154 0.75
0.4841668177455015 0.75
0.48419687970739156 0.75
0.4842570036311715 0.75
0.48431712755495154 0.75
0.4844373754025115 0.75
0.48455762325007157 0.75
0.48479811894519165 0.75
0.48503861464031167 0.75
0.48608152609645455 0.75
0.48712443755259743 0.75
0.4890720177828642 0.75
0.49098138867556007 0.75
0.4930526169195814 0.75
0.49498560248158374 0.75
0.4970804453949115 0.75
0.49913707897066834 0.75
0.5010554698644062 0.75
0.5031357181094694 0.75
0.5050777236725137 0.75
0.506981519897987 0.75
0.5090471734747858 0.75
0.5109745843695656 0.75
0.5130638526156708 0.75
0.5151149115242051 0.75
0.5170277277507204 0.75
0.5191024013285611 0.75
0.5210388322243829 0.75
0.52313712047153 0.75
0.5251971993811063 0.75
0.5271190356086636 0.75
0.5292027291875463 0.75
0.53114818008441 0.75
0.5330554216437028 0.75
0.535124520554321 0.75
0.5370553767829203 0.75
0.539148090362845 0.75
0.5412025946051987 0.75
0.5431188561655335 0.75
0.5451969750771937 0.75
0.5471368513068349 0.75
0.5490385181989051 0.75
0.5511020424423009 0.75
0.5530273240036776 0.75
0.5551144629163798 0.75
0.557063359147063 0.75
0.5589740460401752 0.75
0.5610465902846129 0.75
0.5629808918470316 0.75
0.5650770507607757 0.75
0.567135000336949 0.75
0.5690547072311032 0.75
0.5711362714765829 0.75
0.5730795930400435 0.75
0.5749847052659334 0.75
0.5770516748431486 0.75
0.5789804017383448 0.75
0.5810709859848664 0.75
0.5831233608938172 0.75
0.5850374931207489 0.75
0.5871134826990061 0.75
0.5890512295952443 0.75
0.5911508338428079 0.75
0.5932122287528006 0.75
0.5951353809807742 0.75
0.5972203905600734 0.75
0.5991671574573535 0.75
0.6010757150170628 0.75
0.6031461299280975 0.75
0.6050783021571131 0.75
0.6071723317374542 0.75
0.6092281519802245 0.75
0.6111457295409757 0.75
0.6132251644530523 0.75
0.6151663566831099 0.75
0.6170693395755967 0.75
0.6191341798194089 0.75
0.621060777381202 0.75
0.6231492322943206 0.75
0.6250994445254202 0.75
0.627011447418949 0.75
0.6290853076638031 0.75
0.6310209252266382 0.75
0.6331184001407988 0.75
0.6351776657173885 0.75
0.6370986886119593 0.75
0.6391815688578554 0.75
0.6411262064217325 0.75
0.6430326346480387 0.75
0.6451009202256704 0.75
0.647030963121283 0.75
0.6491228633682211 0.75
0.6511765542775884 0.75
0.6530920025049366 0.75
0.6551693080836102 0.75
0.6571083709802648 0.75
0.6590092245393485 0.75
0.6600405799945531 0.75
0.6610719354497577 0.75
0.6611922147140321 0.75
0.6613124939783066 0.75
0.6613726336104437 0.75
0.661432773242581 0.75
0.6614628430586496 0.625
0.6614929128747182 0.625
0.6615229826907868 0.625
0.6615530525068554 0.625
0.6617936110354041 0.625
0.6620341695639529 0.625
0.6625152866210504 0.625
0.6629964036781479 0.625
0.6640395664680057 0.625
0.6650827292578635 0.625
0.66703081215556 0.625
0.6689406857156858 0.625
0.671012416627137 0.625
0.6729459048565691 0.625
0.6750412504373267 0.625
0.6770983866805134 0.625
0.6790172802416811 0.625
0.6810980311541742 0.625
0.6830405393846483 0.625
0.6849448382775515 0.625
0.6870109945217802 0.625
0.6889389080839898 0.625
0.6910286789975248 0.625
0.693080240573489 0.625
0.6949935594674342 0.625
0.6970687357127049 0.625
0.6990056692759565 0.625
0.7011044601905335 0.625
0.7031650417675397 0.625
0.7050873806625269 0.625
0.7071715769088395 0.625
0.7091175304731331 0.625
0.7110252746998558 0.625
0.7130948762779039 0.625
0.715026235173933 0.625
0.7171194514212876 0.625
0.7191744583310713 0.625
0.721091222558836 0.625
0.7231698441379261 0.625
0.7251102230349972 0.625
0.7270123925944973 0.625
0.729076419505323 0.625
0.7310022037341296 0.625
0.7330898453142617 0.625
0.7350392442123748 0.625
0.7369504337729169 0.625
0.7390234806847845 0.625
0.7409582849146331 0.625
0.7430549464958072 0.625
0.7451133987394103 0.625
0.7470336083009944 0.625
0.749115675213904 0.625
0.7510594994447946 0.625
0.7529651143381142 0.625
0.7550325865827593 0.625
0.7569618161453854 0.625
0.7590529030593369 0.625
0.7611057806357175 0.625
0.7630204155300792 0.625
0.7650969077757662 0.625
0.7670351573394343 0.625
0.7691352642544278 0.625
0.7711971618318504 0.625
0.773120816727254 0.625
0.775206328973983 0.625
0.777153598538693 0.625
0.7781081286522626 0.625
0.7790626587658321 0.625
0.7795803881604483 0.625
0.7800981175550644 0.625
0.7803569822523725 0.625
0.7806158469496806 0.625
0.7806482050368441 0.5
0.7806805631240076 0.5
0.7807129212111711 0.5
0.7807452792983346 0.5
0.7808099954726616 0.5
0.7808747116469886 0.5
0.7810041439956427 0.5
0.7811335763442967 0.5
0.7820999137925195 0.5
0.7830662512407423 0.5
0.7851607834885133 0.5
0.7872171063987133 0.5
0.7891351866268944 0.5
0.7912151242064009 0.5
0.7931568191038885 0.5
0.7950603046638051 0.5
0.7971256475750471 0.5
0.7990527478042702 0.5
0.8011417053848187 0.5
0.8031924536277962 0.5
0.8051049591887548 0.5
0.8071793221010388 0.5
0.8091154423313038 0.5
0.8112134199128943 0.5
0.8132731881569139 0.5
0.8151947137189144 0.5
0.8172780966322404 0.5
0.8192232368635474 0.5
0.8211301677572835 0.5
0.823198956002345 0.5
0.8251295015653876 0.5
0.8272219044797555 0.5
0.8292760980565527 0.5
0.8311920489513307 0.5
0.8332698571974342 0.5
0.8352094227615187 0.5
0.8371107789880323 0.5
0.8391739925658713 0.5
0.8410989634616913 0.5
0.8431857917088368 0.5
0.8451343772739632 0.5
0.8470447535015189 0.5
0.8491169870803998 0.5
0.8510509779772618 0.5
0.8531468262254492 0.5
0.8552044651360659 0.5
0.8571238613646635 0.5
0.8592051149445864 0.5
0.8611481258424903 0.5
0.8630529274028235 0.5
0.8640862568586527 0.5
0.865119586314482 0.5
0.865360638343187 0.5
0.8656016903718919 0.5
0.8657222163862444 0.5
0.8658427424005969 0.5
0.8659030054077732 0.5
0.8659632684149494 0.5
0.8659933999185375 0.5
0.8660235314221256 0.5
0.8660536629257137 0.375
0.8660837944293018 0.375
0.8665658984867117 0.375
0.8670480025441215 0.375
0.868093139334604 0.375
0.8691382761250864 0.375
0.8711903403684805 0.375
0.8731041619298556 0.375
0.8751798408425561 0.375
0.8771172770732375 0.375
0.8792165706552444 0.375
0.8812776548996805 0.375
0.8832004964620975 0.375
0.8852851953758399 0.375
0.8872316516075633 0.375
0.8891398985017159 0.375
0.891210002747194 0.375
0.8931418643106529 0.375
0.8952355832254373 0.375
0.8972910928026508 0.375
0.8992083596978454 0.375
0.9012874839443653 0.375
0.9032283655088662 0.375
0.9051310377357963 0.375
0.9071955673140518 0.375
0.9091218542102883 0.375
0.9112099984578502 0.375
0.9131599000233931 0.375
0.9150715922513651 0.375
0.9171451418306626 0.375
0.9190804487279411 0.375
0.921177612976545 0.375
0.923236567887578 0.375
0.9241969240020851 0.375
0.925157280116592 0.375
0.9256779225116769 0.375
0.9261985649067618 0.375
0.9264588861043042 0.375
0.9267192073018466 0.375
0.9268493679006179 0.375
0.9269795284993891 0.375
0.9270120686490819 0.375
0.9270446087987747 0.25
0.9270771489484675 0.25
0.9271096890981603 0.25
0.9271747693975458 0.25
0.9272398496969315 0.25
0.9282120131460917 0.25
0.9291841765952519 0.25
0.9310902941560014 0.25
0.9331582690680764 0.25
0.9350880012981324 0.25
0.9371795908795137 0.25
0.9392329711233243 0.25
0.9411481086851158 0.25
0.9432251035982328 0.25
0.9451638558293307 0.25
0.947264465411754 0.25
0.9493268656566065 0.25
0.95125102321944 0.25
0.9533370381335989 0.25
0.9552848103657389 0.25
0.9571943732603079 0.25
0.9592657935062023 0.25
0.9611989710700778 0.25
0.9632940059852787 0.25
0.9653508315629087 0.25
0.9663101230107142 0.25
0.9672694144585197 0.25
0.9675294694893868 0.25
0.9677895245202538 0.25
0.9679195520356874 0.25
0.9680495795511208 0.25
0.9681145933088375 0.25
0.9681796070665544 0.25
0.9682121139454127 0.25
0.9682446208242712 0.25
0.9682771277031296 0.125
0.9683096345819879 0.125
0.968829744643722 0.125
0.9693498547054561 0.125
0.9703209534879148 0.125
0.9712920522703735 0.125
0.97319604049772 0.125
0.975261886076392 0.125
0.9771894889730449 0.125
0.9792789492210233 0.125
0.9813302001314308 0.125
0.9832432083598193 0.125
0.9853180739395332 0.125
0.9872546968372281 0.125
0.9893531770862485 0.125
0.9903833125419732 0.125
0.9914134479976979 0.125
0.9916537015263767 0.125
0.9918939550550555 0.125
0.992014081819395 0.125
0.9921342085837344 0.125
0.9921642402748192 0.
0.992194271965904 0.
0.9922243036569889 0.
0.9922543353480737 0.
0.9922843670391586 0.
0.9923143987302434 0.
0.9923744621124131 0.
0.9924044938034979 0.
0.9924345254945828 0.
0.9924945888767525 0.
0.9926147156410919 0.
0.9928549691697708 0.
0.9933354762271284 0.
0.9933680369393276 0.
0.993400597651527 0.
0.9934657190759255 0.
0.9935959619247228 0.
0.9938564476223173 0.
0.9943774190175063 0.
0.9954193618078843 0.
0.9973650047066211 0.
0.9973948083560144 0.
0.9974246120054076 0.
0.997484219304194 0.
0.9976034339017669 0.
0.9978418630969126 0.
0.9983187214872041 0.
0.9983485251365973 0.
0.9983783287859906 0.
0.998437936084777 0.
0.9985571506823498 0.
0.9987955798774957 0.
0.9992724382677871 0.
0.9993047709382947 0.
0.9993371036088025 0.
0.9994017689498178 0.
0.9995310996318485 0.
0.9995634323023561 0.
0.9995957649728638 0.
0.9996604303138792 0.
0.99978976099591 0.
0.9998220936664177 0.
0.9998544263369253 0.
0.9998867590074331 0.
0.9999190916779408 0.
0.9999514243484484 0.
0.9999837570189561 0.
1.0000160896894639 1.
1.0000484223599715 1.
1.0001777530420022 1.
1.0003070837240329 1.
1.0008244064521556 1.
1.0013417291802786 1.
1.0023072532955148 1.
1.003272777410751 1.
1.0053656829925488 1.
1.0074203792367757 1.
1.0093368327989838 1.
1.0114151437125172 1.
1.0133552119440314 1.
1.015257070837975 1.
1.017320787083244 1.
1.0192462606464938 1.
1.021333591561069 1.
1.0232826797936254 1.
1.025193558688611 1.
1.0272662949349218 1.
1.0292007884992138 1.
1.0312971394148311 1.
1.0333552809928777 1.
1.035275179888905 1.
1.037356936136258 1.
1.0393004497015919 1.
1.0412057539293549 1.
1.0432729155084433 1.
1.0452018344055127 1.
1.0472926106539076 1.
1.0493451775647316 1.
1.0512595017935364 1.
1.053335683373667 1.
1.0552736222717782 1.
1.057373418521215 1.
1.0594350054330808 1.
1.0613583496629277 1.
1.0634435512441 1.
1.0653905101432535 1.
1.0672992597048359 1.
1.0693698666177438 1.
1.0713022308486326 1.
1.073396452430847 1.
1.0754524646754904 1.
1.0773702342381148 1.
1.0794498611520646 1.
1.0813912453839956 1.
1.0832944202783554 1.
1.0853594525240409 1.
1.0872862420877072 1.
1.089374889002699 1.
1.0913252932356718 1.
1.0932374881310738 1.
1.095311540377801 1.
1.0972473499425095 1.
1.0993450168585432 1.
1.1014044744370062 1.
1.10332568933345 1.
1.1054087615812194 1.
1.1073535911469696 1.
1.109260211375149 1.
1.1113286889546539 1.
1.1132589238521398 1.
1.115351016100951 1.
1.1174048990121914 1.
1.1193205392414127 1.
1.1213980368219596 1.
1.1233372917204874 1.
1.1252383372814443 1.
1.1273012401937266 1.
1.12922590042399 1.
1.1313124180055787 1.
1.1332606929051485 1.
1.1351707584671473 1.
1.1372426813804717 1.
1.139176361611777 1.
1.1412718991944077 1.
1.1433292274394675 1.
1.1452483130025084 1.
1.1473292559168746 1.
1.149271956149222 1.
1.1511764470439982 1.
1.1532427952901 1.
1.1551709008541828 1.
1.1572608637695911 1.
1.1593126173474284 1.
1.1612261282432468 1.
1.1633014964903905 1.
1.1652386220555153 1.
1.1673376049719655 1.
1.1693983785508448 1.
1.171320909447705 1.
1.1734052976958909 1.
1.1753514432620575 1.
1.1772593794906534 1.
1.1793291730705746 1.
1.181260723968477 1.
1.1833541322177046 1.
1.1854093311293614 1.
1.1873262873589991 1.
1.1894051009399624 1.
1.1913456718389066 1.
1.19324803340028 1.
1.1953122523129787 1.
1.1972382285436585 1.
1.1993260621256636 1.
1.2012756530256499 1.
1.2031870345880653 1.
1.205260273501806 1.
1.2071952697335278 1.
1.209292123316575 1.
1.2113507675620514 1.
1.2132711691255087 1.
1.2153534280402913 1.
1.217297444273055 1.
1.219203251168248 1.
1.2212709154147663 1.
1.2232003369792654 1.
1.2252916158950902 1.
1.227344685473344 1.
1.2292595123695789 1.
1.231336196617139 1.
1.2332746381826802 1.
1.2353749370995468 1.
1.2374370266788426 1.
1.2393608735761195 1.
1.2414465778247217 1.
1.2433940393913048 1.
1.245303291620317 1.
1.247374401200655 1.
1.2493072680989736 1.
1.2514019923486177 1.
1.253458507260691 1.
1.2553767794907453 1.
1.257456909072125 1.
1.2593987959714856 1.
1.2613024735332754 1.
1.2633680084463907 1.
1.265295300677487 1.
1.2673844502599085 1.
1.2694353905047593 1.
1.2713480880675911 1.
1.2734226429817483 1.
1.2753589552138866 1.
1.2774571247973503 1.
1.2795170850432431 1.
1.2814388026071168 1.
1.2835223775223161 1.
1.2854677097554963 1.
1.2873748326511056 1.
1.2894438128980403 1.
1.2913745504629561 1.
1.2934671453791973 1.
1.2955215309578676 1.
1.2974376738545188 1.
1.2995156741024956 1.
1.3014554316684532 1.
1.30335697989684 1.
1.3054203854765523 1.
1.3073455483742455 1.
1.3094325686232642 1.
1.311381346190264 1.
1.3132919144196926 1.
1.3153643400004469 1.
1.317298522899182 1.
1.3193945631492427 1.
1.3214523940617324 1.
1.3233719822922032 1.
1.3254534278739993 1.
1.3273966307737766 1.
1.3293016243359828 1.
1.3313684752495145 1.
1.3332970834810272 1.
1.3353875490638654 1.
1.3374398053091325 1.
1.3393538188723808 1.
1.3414296897869544 1.
1.3433673180195091 1.
1.3454668036033892 1.
1.3475280798496985 1.
1.3494511134139886 1.
1.3515360043296043 1.
1.3534826525632009 1.
1.3553910914592266 1.
1.3574613877065778 1.
1.35939344127191 1.
1.3614873521885675 1.
1.3635430537676543 1.
1.365460512664722 1.
1.367539828913115 1.
1.3694809024794892 1.
1.3713837667082924 1.
1.373448488288421 1.
1.3753749671865307 1.
1.3774633034359658 1.
1.379413397003382 1.
1.381325281233227 1.
1.3833990228143977 1.
1.3853345217135493 1.
1.3874318779640264 1.
1.3894910248769325 1.
1.3914119291078197 1.
1.3934946906900323 1.
1.395439209590226 1.
1.3973455191528485 1.
1.3994136860667967 1.
1.4013436102987258 1.
1.4034353918819804 1.
1.405488964127664 1.
1.4074042936913287 1.
1.4094814806063187 1.
1.4114204248392899 1.
1.4133211597346902 1.
1.4153837519814159 1.
1.4173081015461224 1.
1.4193943084621545 1.
1.4213422726961675 1.
1.4232520275926097 1.
1.4253236398403772 1.
1.4272570094061259 1.
1.4293522363231999 1.
1.431409253902703 1.
1.433328028800187 1.
1.4354086610489967 1.
1.4373510506157872 1.
1.4392552308450068 1.
1.4413212684255519 1.
1.443249063324078 1.
1.4453387155739295 1.
1.44636443703007 1.
1.44739015848621 1.
1.4476293085149927 1.
1.4478684585437755 1.
1.447988033558167 1.
1.4481076085725584 1.
1.448167396079754 1.
1.4482271835869498 1.
1.4482570773405476 1.
1.4482869710941455 1.
1.4483168648477434 1.
1.448346758601341 1.125
1.4488250586589064 1.125
1.4493033587164719 1.125
1.4503408875072654 1.125
1.451378416298059 1.125
1.453315231197627 1.125
1.4554139034485205 1.125
1.4574743663618432 1.125
1.4593965865931469 1.125
1.4614806641757758 1.125
1.463426499076386 1.125
1.4653341246394251 1.125
1.4674036075537897 1.125
1.4693348477861352 1.125
1.4714279453698063 1.125
1.4734828336159065 1.125
1.4753994791799876 1.125
1.477477982095394 1.125
1.4794182423287816 1.125
1.4813202932245984 1.125
1.4833842014717404 1.125
1.4853098670368636 1.125
1.4873973899533122 1.125
1.4893466701877416 1.125
1.4912577410846002 1.125
1.4933306693327844 1.125
1.4952653548989494 1.125
1.4973618978164398 1.125
1.4994202313963594 1.125
1.50134032229426 1.125
1.503422270543486 1.125
1.505365976110693 1.125
1.507271472340329 1.125
1.5093388259212908 1.125
1.5112679368202333 1.125
1.5133589050705012 1.125
1.5154116639831983 1.125
1.5173261802138764 1.125
1.51940255379588 1.125
1.5213406846958646 1.125
1.5234406729471746 1.125
1.5255024518609137 1.125
1.5274259880926337 1.125
1.5295113816756793 1.125
1.5314585325767058 1.125
1.5333674741401615 1.125
1.5354382730549425 1.125
1.5373708292877046 1.125
1.539465242871792 1.125
1.5415214471183087 1.125
1.5434394086828063 1.125
1.5455192275986294 1.125
1.5474608038324333 1.125
1.5493641707286665 1.125
1.551429394976225 1.125
1.5533563765417646 1.125
1.5554452154586296 1.125
1.5573958116934756 1.125
1.5593081985907506 1.125
1.5613824428393512 1.125
1.5633184444059327 1.125
1.5654163033238397 1.125
1.5674759529041757 1.125
1.5693973598024928 1.125
1.5714806240521353 1.125
1.5734256456197588 1.125
1.5753324578498114 1.125
1.5774011274311894 1.125
1.5793315543305484 1.125
1.581423838581233 1.125
1.5834779134943464 1.125
1.585393745725441 1.125
1.587471435307861 1.125
1.589410882208262 1.125
1.591312119771092 1.125
1.5933752146852476 1.125
1.595300066917384 1.125
1.597386776500846 1.125
1.599335243402289 1.125
1.601245500966161 1.125
1.6033176158813585 1.125
1.605251488114537 1.125
1.6073472176990409 1.125
1.609404737945974 1.125
1.6113240155108879 1.125
1.6134051504271274 1.125
1.6153480426613478 1.125
1.6172527255579974 1.125
1.6193192658059723 1.125
1.6212475633719283 1.125
1.6233377182892097 1.125
1.6253896638689203 1.125
1.6273033667666117 1.125
1.6293789270156287 1.125
1.6313162445826266 1.125
1.63341541950095 1.125
1.6354763850817025 1.125
1.6364377465310693 1.125
1.637399107980436 1.125
1.6376596805116934 1.125
1.6379202530429506 1.125
1.637985396175765 1.125
1.6380505393085794 1.125
1.6380831108749865 1.125
1.6381156824413936 1.125
1.6381482540078007 1.25
1.6381808255742079 1.25
1.6383111118398366 1.25
1.6384413981054653 1.25
1.6389625431679802 1.25
1.6394836882304948 1.25
1.6404568570145148 1.25
1.6414300257985348 1.25
1.6433381540290037 1.25
1.6454081396107982 1.25
1.6473398825105736 1.25
1.6494334827616746 1.25
1.6514888736752047 1.25
1.6534060219067157 1.25
1.655485027489552 1.25
1.6574257903903695 1.25
1.6593283439536162 1.25
1.6613927548681882 1.25
1.663318923100741 1.25
1.6654069486846195 1.25
1.6673567315864788 1.25
1.6692683051507673 1.25
1.6713417360663811 1.25
1.673276924299976 1.25
1.6753739698848964 1.25
1.6774328061322459 1.25
1.6793533996975762 1.25
1.6814358506142322 1.25
1.683380058848869 1.25
1.685286057745935 1.25
1.6873539139943263 1.25
1.6892835275606988 1.25
1.6913749984783966 1.25
1.6934282600585235 1.25
1.6953432789566316 1.25
1.697420155206065 1.25
1.6993587887734793 1.25
1.7014592796922192 1.25
1.7035215612733883 1.25
1.7054456001725382 1.25
1.7075314964230135 1.25
1.7094791499914699 1.25
1.7113885942223555 1.25
1.7134598958045664 1.25
1.7153929547047582 1.25
1.7174878709562755 1.25
1.719544577870222 1.25
1.7214630421021495 1.25
1.7235433636854023 1.25
1.7254854425866362 1.25
1.7273893121502992 1.25
1.7294550390652876 1.25
1.7313825232982571 1.25
1.733471864882552 1.25
1.735522997129276 1.25
1.737435886693981 1.25
1.7395106336100115 1.25
1.7414471378440228 1.25
1.7435454994293595 1.25
1.7456056516771254 1.25
1.7475275612428725 1.25
1.7496113281599448 1.25
1.751556852394998 1.25
1.7534641672924804 1.25
1.7555333395412884 1.25
1.756498804324683 1.25
1.7574642691080773 1.25
1.7577258674728415 1.25
1.7579874658376058 1.25
1.7581182650199878 1.25
1.75824906420237 1.25
1.7582817639979655 1.25
1.7583144637935613 1.25
1.7583471635891568 1.375
1.7583798633847523 1.375
1.7584452629759433 1.375
1.7585106625671343 1.375
1.7590338592966628 1.375
1.7595570560261915 1.375
1.760584344816463 1.375
1.761611633606735 1.375
1.7635279685052594 1.375
1.7656061607551092 1.375
1.7675461103229402 1.375
1.7694478505532 1.375
1.7715114481347856 1.375
1.773436803034352 1.375
1.7755240152852438 1.375
1.7774729848541166 1.375
1.7793837450854186 1.375
1.781456362668046 1.375
1.7833907375686544 1.375
1.7854869698205882 1.375
1.7875449927349512 1.375
1.789464772967295 1.375
1.7915464105509644 1.375
1.7934898054526147 1.375
1.7953949910166942 1.375
1.797462033932099 1.375
1.799390834165485 1.375
1.8014814917501962 1.375
1.8035339399973367 1.375
1.805448145562458 1.375
1.807524208478905 1.375
1.8094620287133327 1.375
1.811561706299086 1.375
1.8136231745472684 1.375
1.8155464001134318 1.375
1.8176314830309206 1.375
1.8195783232663905 1.375
1.8214869541642893 1.375
1.8235574424135137 1.375
1.825489687980719 1.375
1.8275837908992498 1.375
1.8296396844802096 1.375
1.8315573353791506 1.375
1.8336368436294168 1.375
1.8355781091976642 1.375
1.8374811654283405 1.375
1.8395460790103424 1.375
1.8414727499103252 1.375
1.8435612781616335 1.375
1.8455115637309227 1.375
1.8464676018467818 1.375
1.8474236399626411 1.375
1.8479421233584021 1.375
1.8484606067541631 1.375
1.848493011966398 1.375
1.8485254171786332 1.5
1.8485578223908683 1.5
1.8485902276031032 1.5
1.8486550380275735 1.5
1.8487198484520435 1.5
1.8488494693009838 1.5
1.848979090149924 1.5
1.8492383318478045 1.5
1.849497573545685 1.5
1.8504654189961973 1.5
1.8514332644467097 1.5
1.85353081269906 1.5
1.8555901516138393 1.5
1.8575112478465996 1.5
1.8595942014306854 1.5
1.8615389123327521 1.5
1.863445413897248 1.5
1.8655137728130693 1.5
1.8674438890468716 1.5
1.8695358626319993 1.5
1.8715896268795562 1.5
1.873505148445094 1.5
1.8755825273619573 1.5
1.8775216635968015 1.5
1.879422590494075 1.5
1.8814853747426736 1.5
1.8834099163092535 1.5
1.8854963152271587 1.5
1.887444471463045 1.5
1.8893544183613604 1.5
1.8914262226110012 1.5
1.893359784178623 1.5
1.8954552030975702 1.5
1.8975124126789467 1.5
1.899431379578304 1.5
1.9015122038289867 1.5
1.9034547853976505 1.5
1.9053591576287434 1.5
1.9074253872111617 1.5
1.909353374111561 1.5
1.9114432183632857 1.5
1.9134948532774396 1.5
1.9154082455095744 1.5
1.9174834950930346 1.5
1.919420501994476 1.5
1.920469934120859 1.5
1.9215193662472425 1.5
1.9216481571794422 1.5
1.921776948111642 1.5
1.921809145844692 1.5
1.921841343577742 1.5
1.921873541310792 1.625
1.9219057390438417 1.625
1.9219701345099414 1.625
1.9220345299760413 1.625
1.9222921118404408 1.625
1.9225496937048403 1.625
1.9230648574336393 1.625
1.9235800211624383 1.625
1.9245412272790268 1.625
1.925502433395615 1.625
1.9275867029801173 1.625
1.9295327298826004 1.625
1.9314405474475127 1.625
1.9335102223637506 1.625
1.9354416545979694 1.625
1.9375349441835135 1.625
1.9395900244314868 1.625
1.9415068619974412 1.625
1.943585556914721 1.625
1.9455260091499815 1.625
1.9474282520476713 1.625
1.9494923522966867 1.625
1.951418209863683 1.625
1.9535059247820046 1.625
1.9554553970183073 1.625
1.9573666599170392 1.625
1.9594397801670964 1.625
1.9613746577351345 1.625
1.9634713926544982 1.625
1.965529918236291 1.625
1.9674502011360648 1.625
1.969532341387164 1.625
1.9714762389562441 1.625
1.9733819271877535 1.625
1.9754494727705882 1.625
1.977378775671404 1.625
1.9794699359235453 1.625
1.9815228868381156 1.625
1.9824802409543913 1.625
1.9834375950706669 1.625
1.9836971657686515 1.625
1.9839567364666362 1.625
1.9840865218156285 1.625
1.9842163071646208 1.625
1.984281199839117 1.625
1.9843460925136132 1.625
1.9843785388508612 1.625
1.9844109851881093 1.625
1.9844434315253574 1.625
1.9844758778626053 1.75
1.9849950192585744 1.75
1.9855141606545437 1.75
1.9864833221054725 1.75
1.9874524835564014 1.75
1.9895526638095844 1.75
1.9916146347251966 1.75
1.99353836295879 1.75
1.9956239485437086 1.75
1.9975712914466082 1.75
1.999480425011937 1.75
2.001551415928591 1.75
2.0034841641632264 1.75
2.005578769749187 1.75
2.0076351659975766 1.75
2.0095533195639472 1.75
2.0116333304816436 1.75
2.013575098717321 1.75
2.0154786576154273 1.75
2.017544073864859 1.75
2.019471247432272 1.75
2.02156027835101 1.75
2.023611099932177 1.75
2.025523678831325 1.75
2.027598115081799 1.75
2.0295343086502537 1.75
2.031632359570034 1.75
2.033692201152243 1.75
2.0356138000524333 1.75
2.037697256303949 1.75
2.038669863088697 1.75
2.0396424698734457 1.75
2.0396722668145695 1.75
2.0397020637556933 1.75
2.039731860696817 1.75
2.039761657637941 1.875
2.0398212515201886 1.875
2.039880845402436 1.875
2.0400000331669315 1.875
2.040119220931427 1.875
2.040357596460418 1.875
2.0405959719894087 1.875
2.0410727230473897 1.875
2.0415494741053712 1.875
2.042583904896997 1.875
2.0436183356886226 1.875
2.045548954589855 1.875
2.0476414308424125 1.875
2.0496956977573992 1.875
2.051611721990367 1.875
2.05368960357466 1.875
2.0556292424769342 1.875
2.0575306720416373 1.875
2.059593958957666 1.875
2.061519003191676 1.875
2.063605904777011 1.875
2.065554563680327 1.875
2.067465013246072 1.875
2.0695373201631426 1.875
2.0714713843981944 1.875
2.0735673059845716 1.875
2.075625018233378 1.875
2.077544487800165 1.875
2.079625814718278 1.875
2.0815688989543712 1.875
2.083473773852894 1.875
2.085540506102742 1.875
2.087468995670571 1.875
2.0885141691301485 1.875
2.089559342589726 1.875
2.089687601188575 1.875
2.089815859787424 1.875
2.0898479244371364 2.
2.0898799890868487 2.
2.089912053736561 2.
2.0899441183862733 2.
2.090008247685698 2.
2.090072376985122 2.
2.0903288941828198 2.
2.090585411380518 2.
2.0910984457759136 2.
2.0916114801713097 2.
2.0925684276210923 2.
2.0935253750708744 2.
2.0956011273217645 2.
2.0975386368906355 2.
2.099638003810832 2.
2.1016991613934577 2.
2.1036220762940645 2.
2.1057068485459967 2.
2.1076533781159097 2.
2.109561698348252 2.
2.1116318759319195 2.
2.113563810833568 2.
2.115657603086542 2.
2.117713186001945 2.
2.1196305262353294 2.
2.121709723820039 2.
2.1236506787227296 2.
2.1255534242878493 2.
2.1276180272042944 2.
2.1295443874387203 2.
2.131632605024472 2.
2.1335825799282047 2.
2.1345384627112853 2.
2.1354943454943665 2.
2.1357535483590526 2.
2.1360127512237383 2.
2.13607755193991 2.
2.136142352656081 2.
2.136174753014167 2.
2.1362071533722524 2.125
2.1362395537303382 2.125
2.136271954088424 2.125
2.136401555520767 2.125
2.13653115695311 2.125
2.1370495626824817 2.125
2.1375679684118536 2.125
2.1385356585295874 2.125
2.1395033486473216 2.125
2.141600586234115 2.125
2.1436596144833375 2.125
2.145580400050541 2.125
2.14766304296907 2.125
2.1496074432055803 2.125
2.1515136341045196 2.125
2.153581682354784 2.125
2.1555114879230297 2.125
2.1576031508426006 2.125
2.1596566044246006 2.125
2.161571815324582 2.125
2.1636488835758887 2.125
2.1655877091451763 2.125
2.1676883920657892 2.125
2.1697508656488314 2.125
2.1716750965498544 2.125
2.1737611848022027 2.125
2.1757090303725324 2.125
2.1776186666052912 2.125
2.178654413397333 2.125
2.1796901601893754 2.125
2.1797505742800647 2.125
2.1798109883707544 2.125
2.179841195416099 2.125
2.179871402461444 2.25
2.1799016095067887 2.25
2.1799318165521333 2.25
2.1800526447335127 2.25
2.1801734729148916 2.25
2.18041512927765 2.25
2.1806567856404078 2.25
2.1811400983659244 2.25
2.1816234110914405 2.25
2.1826709652181355 2.25
2.183718519344831 2.25
2.1857754182606506 2.25
2.187694074494451 2.25
2.189774588079577 2.25
2.191716858982684 2.25
2.1936209205482204 2.25
2.195686839465082 2.25
2.1976145156999247 2.25
2.1997040492860926 2.25
2.2017553735346898 2.25
2.2036684551012677 2.25
2.2057433940191715 2.25
2.207680090255056 2.25
2.209778643842266 2.25
2.2118389880919054 2.25
2.2137610896595254 2.25
2.215845048578471 2.25
2.217790764815397 2.25
2.2196982717147526 2.25
2.220732953840093 2.25
2.221767635965434 2.25
2.221797809739944 2.375
2.2218279835144545 2.375
2.221858157288965 2.375
2.221888331063475 2.375
2.221948678612496 2.375
2.2220090261615164 2.375
2.2221297212595577 2.375
2.2222504163575993 2.375
2.2224918065536823 2.375
2.2227331967497648 2.375
2.2232159771419306 2.375
2.223698757534096 2.375
2.2247452469940896 2.375
2.2257917364540836 2.375
2.2278465060365003 2.375
2.229763032936898 2.375
2.2318414171886207 2.375
2.233781558758325 2.375
2.235683490990458 2.375
2.2377472805739167 2.375
2.2396728274753563 2.375
2.2417602317281213 2.375
2.243709393298867 2.375
2.2456203455320423 2.375
2.2476931551165427 2.375
2.2496277220190244 2.375
2.2517241462728315 2.375
2.2537823611890677 2.375
2.255702333423285 2.375
2.2577841630088273 2.375
2.2597277499123507 2.375
2.260680438695327 2.375
2.2616331274783033 2.375
2.2621499362076225 2.375
2.262666744936942 2.375
2.262699045482525 2.375
2.262731346028107 2.375
2.26276364657369 2.375
2.2627959471192725 2.5
2.2628605482104374 2.5
2.2629251493016023 2.5
2.263054351483932 2.5
2.263183553666262 2.5
2.2634419580309215 2.5
2.263700362395581 2.5
2.2646648585132105 2.5
2.2656293546308404 2.5
2.267720204217425 2.5
2.2697728444664387 2.5
2.2716872420334333 2.5
2.2737634969517533 2.5
2.275701509188054 2.5
2.277801378775681 2.5
2.279863039025736 2.5
2.281786456593773 2.5
2.283871731513135 2.5
2.285818763750478 2.5
2.28772758665025 2.5
2.2897982669013475 2.5
2.291730704470426 2.5
2.29382499939083 2.5
2.295881084973663 2.5
2.297798927874477 2.5
2.2998786281266166 2.5
2.301820085696737 2.5
2.302771709813012 2.5
2.3037233339292866 2.5
2.303787868478783 2.5
2.3038524030282788 2.5
2.3038846703030265 2.625
2.3039169375777746 2.625
2.3039492048525227 2.625
2.303981472127271 2.625
2.304110541226263 2.625
2.304239610325255 2.625
2.3044977485232394 2.625
2.304755886721224 2.625
2.305272163117193 2.625
2.3057884395131616 2.625
2.3067518709640895 2.625
2.3077153024150174 2.625
2.309804022668199 2.625
2.3117545002393616 2.625
2.3136667684729533 2.625
2.3157408940578703 2.625
2.3176767769607682 2.625
2.3197745172149915 2.625
2.321834048131644 2.625
2.3237553363662773 2.625
2.3258384819522364 2.625
2.3277833848561764 2.625
2.3296900784225456 2.625
2.33175862934024 2.625
2.3336889375759156 2.625
2.3357811031629163 2.625
2.3378350594123463 2.625
2.339750772979757 2.625
2.3418283438984937 2.625
2.343767672135211 2.625
2.3447182315847845 2.625
2.345668791034358 2.625
2.3459266630656668 2.625
2.3461845350969757 2.625
2.346249003104803 2.625
2.34631347111263 2.625
2.3463457051165437 2.75
2.3463779391204573 2.75
2.346410173124371 2.75
2.3464424071282846 2.75
2.346571343143939 2.75
2.346700279159594 2.75
2.347216023222212 2.75
2.34773176728483 2.75
2.3486941340690564 2.75
2.349656500853283 2.75
2.351743091773061 2.75
2.3536914400108206 2.75
2.355601578911009 2.75
2.357673575162523 2.75
2.359607328732018 2.75
2.3617029396528384 2.75
2.363760341236088 2.75
2.3656795001373183 2.75
2.367760516389874 2.75
2.369703289960411 2.75
2.3716078541933774 2.75
2.373674275777669 2.75
2.3756024546799415 2.75
2.3776924909335393 2.75
2.3797443178495663 2.75
2.381657902083574 2.75
2.3837333436689074 2.75
2.385670542572222 2.75
2.387769598826862 2.75
2.389830445743931 2.75
2.390791747861456 2.75
2.391753049978981 2.75
2.3920136076772778 2.75
2.392274165375575 2.75
2.3924044442247236 2.75
2.392534723073872 2.75
2.3925672927861585 2.75
2.3925998624984457 2.875
2.392632432210733 2.875
2.39266500192302 2.875
2.3927301413475943 2.875
2.3927952807721686 2.875
2.3933163961687622 2.875
2.3938375115653563 2.875
2.3948106210175344 2.875
2.3957837304697125 2.875
2.397691740036498 2.875
2.3997616069546086 2.875
2.4016932311907007 2.875
2.403786712778118 2.875
2.4058419850279646 2.875
2.407759014595792 2.875
2.409837901514945 2.875
2.4117785457520786 2.875
2.4136809806516415 2.875
2.41574527290253 2.875
2.4176713224713997 2.875
2.4197592293915946 2.875
2.4217088936297704 2.875
2.4236203485303753 2.875
2.4256936607823056 2.875
2.427628730352217 2.875
2.429725657273454 2.875
2.43178437485712 2.875
2.433704849758767 2.875
2.4357871820117394 2.875
2.4377312715826926 2.875
2.439637151816075 2.875
2.441704889400783 2.875
2.443634384303472 2.875
2.4457257365574865 2.875
2.44777887947393 2.875
2.448736329591142 2.875
2.4496937797083547 2.875
2.449758678382909 2.875
2.449823577057464 2.875
2.449856026394741 2.875
2.4498884757320187 3.
2.449920925069296 3.
2.449953374406573 3.
2.450083171755683 3.
2.450212969104792 3.
2.450472563803011 3.
2.4507321585012294 3.
2.451251347897667 3.
2.4517705372941045 3.
2.4527397947459697 3.
2.4537090521978353 3.
2.4558094244528914 3.
2.4578715873703767 3.
2.4597955076058433 3.
2.4618812851926353 3.
2.463828820097408 3.
2.46573814566461 3.
2.4678093285831375 3.
2.4697422688196458 3.
2.4718370664074794 3.
2.473893654657742 3.
2.4758120002259862 3.
2.4778922031455557 3.
2.479834163383106 3.
2.4817379142830855 3.
2.4838035225343904 3.
2.485730888103676 3.
2.4878201110242877 3.
2.489871124607328 3.
2.4917838955083496 3.
2.4938585237606965 3.
2.4957949093310243 3.
2.4978931522526775 3.
2.49995318583676 3.
2.501874976738823 3.
2.503958624992212 3.
2.505904030563582 3.
2.507811226797381 3.
2.5098802803825055 3.
2.511811091285611 3.
2.5139037595400415 3.
2.5159582184569014 3.
2.517874434691742 3.
2.5199525082779086 3.
2.521892339182056 3.
2.5237939607486326 3.
2.5258574396665345 3.
2.5277826759024173 3.
2.5298697694896255 3.
2.531818620394815 3.
2.533729261962433 3.
2.535801760881377 3.
2.537736017118302 3.
2.5398321307065523 3.
2.5418900349572318 3.
2.543809696525892 3.
2.5458912154458777 3.
2.5478344916838447 3.
2.5497395585842404 3.
2.551806482835962 3.
2.5537351644056643 3.
2.555825703326692 3.
2.557878032910149 3.
2.5597921198115867 3.
2.56186806406435 3.
2.5638057656350943 3.
2.565905324557164 3.
2.567966674141663 3.
2.569889781044143 3.
2.5719747452979482 3.
2.5739214668697343 3.
2.5758299791039496 3.
2.5779003486894903 3.
2.579832475593012 3.
2.5819264598478595 3.
2.583982234765136 3.
2.5858997670003934 3.
2.587979156586976 3.
2.5899203034915397 3.
2.5918232410585325 3.
2.5938880359768506 3.
2.59581458821315 3.
2.5968587930069624 3.
2.597902997800775 3.
2.5981467686639754 3.
2.598390539527176 3.
2.598451482242976 3.
2.5985124249587765 3.
2.598542896316677 3.
2.598573367674577 3.
2.598603839032477 3.
2.598634310390377 2.875
2.598756195821977 2.875
2.5988780812535777 2.875
2.5993656229799793 2.875
2.5998531647063805 2.875
2.600809143490398 2.875
2.6017651222744154 2.875
2.6038389371937756 2.875
2.6057745094311167 2.875
2.6078719390197835 2.875
2.6099311592708796 2.875
2.6118521368399565 2.875
2.613934971760359 2.875
2.615879563998742 2.875
2.6177859468995544 2.875
2.619854187151692 2.875
2.6217841847218106 2.875
2.623876039643255 2.875
2.6259296852271286 2.875
2.627845088128983 2.875
2.6299223483821628 2.875
2.6318613659533234 2.875
2.6337621741869133 2.875
2.6347935069793706 2.875
2.6358248397718285 2.875
2.6363059454975524 2.875
2.6367870512232763 2.875
2.636847189438992 2.875
2.6369073276547073 2.875
2.6369373967625647 2.875
2.6369674658704225 2.875
2.6369975349782804 2.875
2.6370276040861382 2.75
2.637147880517569 2.75
2.637268156949 2.75
2.637508709811862 2.75
2.6377492626747245 2.75
2.6387924028018355 2.75
2.6398355429289464 2.75
2.641783580501149 2.75
2.643693408735781 2.75
2.6457650943217383 2.75
2.6476985372256765 2.75
2.64979383748094 2.75
2.6518509283986327 2.75
2.6537697766343067 2.75
2.655850482221306 2.75
2.6577929451262863 2.75
2.6596971986936957 2.75
2.660730254153063 2.75
2.6617633096124305 2.75
2.6622452766716096 2.75
2.6627272437307883 2.75
2.662847735495583 2.75
2.662968227260378 2.75
2.6629983502015766 2.75
2.6630284731427754 2.75
2.6630585960839737 2.75
2.6630887190251724 2.625
2.6631489649075695 2.625
2.663209210789967 2.625
2.6634501943195565 2.625
2.663691177849146 2.625
2.6647360406431666 2.625
2.665780903437187 2.625
2.6678324196876573 2.625
2.6697456932561088 2.625
2.6718208241758856 2.625
2.6737577124136434 2.625
2.6758564580027264 2.625
2.6779169942542387 2.625
2.679839287823732 2.625
2.680881363284141 2.625
2.6819234387445503 2.625
2.68240991580425 2.625
2.68289639286395 2.625
2.6831396313938 2.625
2.6833828699236504 2.625
2.683504489188575 2.625
2.6836261084535002 2.625
2.6836869180859626 2.625
2.6837477277184254 2.625
2.6837781325346564 2.625
2.6838085373508878 2.5
2.683838942167119 2.5
2.68386934698335 2.5
2.684823196433965 2.5
2.685777045884579 2.5
2.6878466021371334 2.5
2.6897779157076687 2.5
2.6918710866295292 2.5
2.693926048213819 2.5
2.6958427671160896 2.5
2.697921343369686 2.5
2.698891510155475 2.5
2.6998616769412633 2.5
2.700337207999765 2.5
2.7008127390582666 2.5
2.701050504587517 2.5
2.701288270116768 2.5
2.701317990807924 2.5
2.7013477114990807 2.5
2.7013774321902373 2.5
2.7014071528813934 2.375
2.701466594263706 2.375
2.701526035646019 2.375
2.7016449184106444 2.375
2.70176380117527 2.375
2.7027957919679357 2.375
2.7038277827606017 2.375
2.7057535216639144 2.375
2.7078411179185524 2.375
2.7097904714911714 2.375
2.7117016157262195 2.375
2.7137746173125934 2.375
2.714741996764771 2.375
2.715709376216948 2.375
2.716233530280868 2.375
2.7167576843447883 2.375
2.7167904439737836 2.375
2.7168232036027784 2.375
2.7168559632317733 2.375
2.7168887228607685 2.25
2.7169542421187582 2.25
2.7170197613767484 2.25
2.7171507998927282 2.25
2.7172818384087085 2.25
2.717543915440668 2.25
2.7178059924726283 2.25
2.7188351959316828 2.25
2.7198643993907377 2.25
2.721784563626828 2.25
2.7238665852142434 2.25
2.7258103641196403 2.25
2.727715933687466 2.25
2.7287496471470414 2.25
2.7297833606066173 2.25
2.7302656566659005 2.25
2.7307479527251832 2.25
2.7307780962288883 2.25
2.7308082397325935 2.25
2.730838383236299 2.25
2.730868526740004 2.125
2.730928813747415 2.125
2.730989100754825 2.125
2.7311096747696455 2.125
2.7312302487844664 2.125
2.7314713968141078 2.125
2.7317125448437496 2.125
2.732758065637978 2.125
2.7338035864322072 2.125
2.735856418683094 2.125
2.7377710082519617 2.125
2.7398474551721548 2.125
2.740816557291242 2.125
2.741785659410329 2.125
2.742310674807704 2.125
2.7428356902050792 2.125
2.7430981979037665 2.125
2.743360705602454 2.125
2.7434919594517977 2.125
2.7436232133011416 2.125
2.7436560267634773 2.125
2.7436888402258135 2.
2.7437216536881497 2.
2.7437544671504854 2.
2.743820094075157 2.
2.743885720999829 2.
2.7449166471257933 2.
2.7459475732517578 2.
2.7478711828216675 2.
2.7499566497429027 2.
2.7519038739821187 2.
2.752858381432941 2.
2.753812888883764 2.
2.7543306069470064 2.
2.754848325010249 2.
2.7551071840418704 2.
2.755366043073492 2.
2.7554307578313972 2.
2.7554954725893026 2.
2.7555278299682553 2.
2.755560187347208 1.875
2.7555925447261607 1.875
2.7556249021051133 1.875
2.755754331620924 1.875
2.7558837611367344 1.875
2.7568500759222103 1.875
2.7578163907076862 1.875
2.7599108776299635 1.875
2.76196715521467 1.875
2.763885190117357 1.875
2.764925136244363 1.875
2.7659650823713697 1.875
2.766207788567869 1.875
2.766450494764368 1.875
2.7665111713134927 1.875
2.7665718478626173 1.875
2.7666021861371797 1.875
2.766632524411742 1.875
2.766662862686305 1.875
2.766693200960867 1.75
2.766814554059117 1.75
2.7669359071573663 1.75
2.7674213195503645 1.75
2.7679067319433632 1.75
2.7688584520605746 1.75
2.769810172177786 1.75
2.771875469763534 1.75
2.7738025246672633 1.75
2.7748469807947904 1.75
2.775891436922318 1.75
2.776404112651689 1.75
2.77691678838106 1.75
2.777044957313403 1.75
2.7771731262457453 1.75
2.7772051684788313 1.75
2.7772372107119168 1.625
2.7772692529450023 1.625
2.7773012951780878 1.625
2.7773653796442592 1.625
2.7774294641104307 1.625
2.7776858019751165 1.625
2.777942139839802 1.625
2.7788983699575343 1.625
2.7798546000752666 1.625
2.7819289176620567 1.625
2.7838649925668277 1.625
2.784913958694876 1.625
2.7859629248229245 1.625
2.786477855552556 1.625
2.7869927862821875 1.625
2.787057152623391 1.625
2.7871215189645953 1.625
2.787153702135197 1.625
2.7871858853057994 1.625
2.787218068476401 1.625
2.787250251647003 1.5
2.787378984329411 1.5
2.7875077170118185 1.5
2.787765182376634 1.5
2.78802264774145 1.5
2.7889833878597035 1.5
2.789944127977957 1.5
2.792027465565789 1.5
2.793972560471602 1.5
2.794926003255723 1.5
2.7958794460398444 1.5
2.7961380389047905 1.5
2.796396631769736 1.5
2.7965259282022092 1.5
2.796655224634682 1.5
2.796719872850918 1.5
2.796784521067155 1.5
2.7968168451752735 1.375
2.7968491692833917 1.375
2.79688149339151 1.375
2.796913817499628 1.375
2.79743100322952 1.375
2.797948188959412 1.375
2.798913439078186 1.375
2.7998786891969605 1.375
2.8019710467858348 1.375
2.8040251950371378 1.375
2.8049831478217797 1.375
2.805941100606422 1.375
2.8059735656520566 1.375
2.8060060306976915 1.375
2.806038495743326 1.25
2.8060709607889605 1.25
2.8061358908802294 1.25
2.8062008209714984 1.25
2.8063306811540363 1.25
2.806460541336574 1.25
2.8067202617016505 1.25
2.8069799820667267 1.25
2.8074994227968793 1.25
2.808018863527032 1.25
2.808988623646327 1.25
2.8099583837656223 1.25
2.811859694666642 1.25
2.8128912787928146 1.25
2.813922862918987 1.25
2.814404094311569 1.25
2.81488532570415 1.25
2.8149154026661867 1.125
2.8149454796282227 1.125
2.8149755565902588 1.125
2.8150056335522953 1.125
2.8150657874763683 1.125
2.815125941400441 1.125
2.8152462492485864 1.125
2.8153665570967314 1.125
2.8156071727930225 1.125
2.815847788489313 1.125
2.8168911799501393 1.125
2.817934571410965 1.125
2.8198831116505976 1.125
2.8208382771016285 1.125
2.8217934425526594 1.125
2.8223114896160064 1.125
2.822829536679353 1.125
2.8230885602110263 1.125
2.8233475837426996 1.125
2.8234123396256177 1.125
2.823477095508536 1.125
2.8235094734499953 1.
2.8235418513914547 1.
2.823574229332914 1.
2.823606607274373 1.
2.82373611904021 1.
2.8238656308060466 1.
2.8248326035917306 1.
2.8257995763774146 1.
2.827895379300108 1.
2.8299529728852306 1.
2.831872323788334 1.
2.8339535320427633 1.
2.8358964976151735 1.
2.837801253850013 1.
2.8398678674361775 1.
2.841796238340323 1.
2.843886466595794 1.
2.845938485513694 1.
2.8478522617495754 1.
2.849927895336782 1.
2.8518652862419698 1.
2.8539645344984828 1.
2.856025573417425 1.
2.857948369654348 1.
2.8600330232425963 1.
2.861979434148826 1.
2.863887635717485 1.
2.865957694637469 1.
2.8678895108754343 1.
2.869983184464725 1.
2.8720386487164444 1.
2.873955870286145 1.
2.876034949207171 1.
2.877975785446178 1.
2.8798784123476144 1.
2.881942896600376 1.
2.883869138171119 1.
2.8859572370931867 1.
2.8879070933332356 1.
2.8898187402357136 1.
2.8918922444895174 1.
2.893827506061302 1.
2.895924624984412 1.
2.8979835345699514 1.
2.8999042014734715 1.
2.901986725728317 1.
2.9039310073011433 1.
2.905837079536399 1.
2.90790500912298 1.
2.9098346960275423 1.
2.91192624028343 1.
2.9139795752017466 1.
2.915894667438044 1.
2.917971617025667 1.
2.919910323931271 1.
2.9220108881882005 1.
2.9240732431075593 1.
2.925997355344899 1.
2.928083324933564 1.
2.93003105184021 1.
2.931940569409285 1.
2.9340119443296855 1.
2.9359450765680672 1.
2.9380400661577744 1.
2.9400968464099106 1.
2.942015383980028 1.
2.9440957789014703 1.
2.9460379311408937 1.
2.9479418740427463 1.
2.9500076742959243 1.
2.9519352318670835 1.
2.954024646789568 1.
2.956075852374482 1.
2.9579888152773766 1.
2.9600636355315966 1.
2.9620002131037975 1.
2.9640986480273237 1.
2.966158873613279 1.
2.968080856517216 1.
2.970164696772478 1.
2.972110294345721 1.
2.974017682581393 1.
2.9760869281683906 1.
2.978017931073369 1.
2.980110791329673 1.
2.982165442248406 1.
2.9840818504851203 1.
2.98616011607316 1.
2.9881001389791804 1.
2.99000195254763 1.
2.992065623467405 1.
2.993991051705161 1.
2.9960783372942426 1.
2.998027380201305 1.
2.999013689100319 1.
2.9999999979993333 1.
